6230.011351 2
6233.257841 2
6236.504979 1
6238.128792 1
6239.752767 1
6241.376905 1
6243.001205 1
6244.625668 1
6246.250293 1
6247.875080 1
6249.500030 1
6251.125143 1
6252.750418 2
6249.500030 2
6246.250293 2
6244.625668 3
6243.001205 2
6233.257841 1
6234.881329 1
6236.504979 2
6226.765511 2
6225.142835 3
6223.520321 3
6210.546046 1
6212.167263 1
6213.788642 2
6212.167263 3
6210.546046 3
6207.304099 2
6205.683369 3
6204.062800 2
6202.442394 3
6200.822150 2
6199.202067 3
6197.582147 3
6195.962389 3
6194.342793 3
6192.723359 3
6191.104086 3
6155.521034 1
6157.136747 1
6158.752623 2
6149.059795 1
6150.674862 1
6152.290091 2
6113.569143 1
6115.180661 1
6116.792340 1
6118.404180 1
6120.016182 1
6121.628345 1
6123.240669 2
6121.628345 3
6120.016182 3
6118.404180 3
6116.792340 3
6113.569143 2
6033.198373 1
6034.801853 1
6036.405493 1
6038.009294 1
6039.613256 1
6041.217377 1
6042.821659 2
6046.030705 2
6044.426102 3
6042.821659 3
6046.030705 1
6047.635469 1
6049.240393 1
6050.845477 1
6052.450722 2
6050.845477 3
6049.240393 2
6046.030705 2
6004.363133 1
6005.963730 1
6007.564486 1
6009.165403 1
6010.766479 1
6012.367716 1
6013.969113 2
6231.634515 2
6234.881329 2
6246.250293 2
6247.875080 0
6254.375856 2
6251.125143 2
6247.875080 2
6244.625668 2
6238.128792 2
6228.388350 2
6215.410183 2
6208.924991 2
6205.683369 2
6202.442394 2
6195.962389 0
6192.723359 0
6189.484976 0
6160.368660 2
6147.444889 0
6153.905482 2
6115.180661 2
6124.853154 2
6118.404180 0
6115.180661 2
6034.801853 0
6038.009294 0
6044.426102 2
6047.635469 2
6054.056128 2
6050.845477 2
6047.635469 2
6015.570670 2
6233.257841 1
6234.881329 1
6236.504979 1
6238.128792 1
6239.752767 1
6241.376905 1
6243.001205 1
6244.625668 1
6246.250293 1
6247.875080 1
6249.500030 2
6246.250293 0
6256.001456 2
6254.375856 3
6252.750418 3
6249.500030 2
6247.875080 3
6246.250293 3
6244.625668 3
6243.001205 3
6241.376905 3
6239.752767 3
6230.011351 2
6226.765511 2
6213.788642 1
6215.410183 1
6217.031886 2
6207.304099 1
6208.924991 1
6210.546046 2
6208.924991 3
6207.304099 3
6205.683369 3
6204.062800 3
6194.342793 0
6192.723359 3
6191.104086 0
6187.866027 0
6158.752623 1
6160.368660 1
6161.984858 2
6145.830144 0
6155.521034 2
6116.792340 1
6118.404180 1
6120.016182 1
6121.628345 1
6123.240669 1
6124.853154 1
6126.465801 2
6116.792340 0
6120.016182 2
6118.404180 3
6116.792340 3
6029.991893 1
6031.595053 1
6033.198373 0
6036.405493 0
6046.030705 2
6049.240393 2
6052.450722 1
6054.056128 1
6055.661694 2
6058.873308 2
6055.661694 2
6054.056128 3
6052.450722 3
6050.845477 3
6049.240393 3
6046.030705 2
6044.426102 3
6042.821659 3
6041.217377 3
6039.613256 3
6017.172387 2
6234.881329 0
6238.128792 0
6251.125143 2
6257.627218 2
6251.125143 2
6238.128792 0
6231.634515 2
6228.388350 2
6218.653751 2
6212.167263 2
6186.247241 0
6163.601218 2
6155.521034 1
6157.136747 2
6128.078609 2
6121.628345 2
6115.180661 0
6028.388894 0
6047.635469 2
6050.845477 2
6054.056128 2
6057.267421 2
6060.479356 2
6057.267421 2
6047.635469 2
6041.217377 0
6018.774265 2
6295.064669 2
6233.257841 0
6236.504979 0
6246.250293 2
6249.500030 1
6251.125143 1
6252.750418 2
6256.001456 1
6257.627218 1
6259.253144 2
6257.627218 3
6256.001456 3
6254.375856 3
6252.750418 3
6230.011351 1
6231.634515 1
6233.257841 1
6234.881329 1
6236.504979 0
6234.881329 3
6233.257841 3
6231.634515 3
6230.011351 3
6223.520321 2
6221.897969 3
6220.275779 3
6218.653751 3
6217.031886 3
6215.410183 3
6213.788642 3
6212.167263 3
6210.546046 3
6208.924991 3
6207.304099 3
6184.628616 2
6181.391852 1
6183.010153 1
6184.628616 0
6161.984858 2
6165.217740 2
6163.601218 3
6161.984858 3
6158.752623 2
6120.016182 2
6123.240669 2
6126.465801 2
6129.691578 2
6126.465801 2
6124.853154 3
6123.240669 3
6113.569143 0
6026.786055 0
6042.821659 1
6044.426102 1
6046.030705 1
6047.635469 1
6049.240393 1
6050.845477 1
6052.450722 2
6055.661694 2
6058.873308 1
6060.479356 1
6062.085565 2
6060.479356 3
6058.873308 3
6057.267421 3
6055.661694 3
6054.056128 3
6052.450722 3
6050.845477 3
6049.240393 3
6039.613256 0
6017.172387 1
6018.774265 1
6020.376302 2
6296.694339 2
6247.875080 2
6254.375856 2
6260.879232 2
6226.765511 1
6228.388350 0
6234.881329 0
6231.634515 0
6228.388350 0
6226.765511 3
6225.142835 3
6218.653751 0
6212.167263 0
6208.924991 0
6186.247241 2
6183.010153 0
6163.601218 2
6166.834423 2
6160.368660 2
6121.628345 2
6124.853154 2
6128.078609 2
6131.304708 2
6128.078609 2
6041.217377 0
6044.426102 0
6054.056128 2
6057.267421 2
6063.691934 2
6057.267421 0
6021.978500 2
6298.324171 1
6299.954167 1
6301.584325 2
6246.250293 1
6247.875080 1
6249.500030 1
6251.125143 1
6252.750418 1
6254.375856 1
6256.001456 1
6257.627218 1
6259.253144 1
6260.879232 1
6262.505482 2
6260.879232 3
6259.253144 3
6257.627218 3
6256.001456 3
6226.765511 0
6228.388350 1
6230.011351 1
6231.634515 1
6233.257841 0
6231.634515 3
6230.011351 0
6228.388350 3
6226.765511 0
6223.520321 0
6217.031886 0
6210.546046 2
6210.546046 0
6208.924991 3
6207.304099 0
6184.628616 1
6186.247241 1
6187.866027 2
6186.247241 3
6184.628616 3
6181.391852 0
6165.217740 1
6166.834423 1
6168.451268 2
6165.217740 2
6163.601218 3
6161.984858 3
6123.240669 1
6124.853154 1
6126.465801 1
6128.078609 1
6129.691578 2
6132.918000 2
6131.304708 3
6129.691578 3
6113.569143 2
6116.792340 2
6115.180661 3
6113.569143 3
6039.613256 0
6041.217377 1
6042.821659 0
6052.450722 2
6055.661694 2
6058.873308 1
6060.479356 1
6062.085565 2
6065.298464 2
6055.661694 0
6054.056128 3
6052.450722 3
6062.085565 2
6052.450722 2
6055.661694 2
6020.376302 2
6023.580858 2
6303.214647 2
6264.131895 2
6225.142835 0
6215.410183 0
6212.167263 2
6205.683369 0
6189.484976 2
6179.773713 0
6170.068275 2
6166.834423 2
6131.304708 2
6134.531453 2
6115.180661 2
6118.404180 2
6054.056128 2
6057.267421 2
6063.691934 2
6066.905154 2
6063.691934 2
6054.056128 2
6057.267421 2
6021.978500 2
6025.183377 2
6301.584325 1
6303.214647 1
6304.845131 2
6308.106589 2
6306.475779 3
6304.845131 3
6269.012111 1
6270.639175 1
6272.266402 2
6269.012111 2
6265.758471 2
6249.500030 1
6251.125143 1
6252.750418 2
6204.062800 2
6207.304099 1
6208.924991 1
6210.546046 2
6220.275779 1
6221.897969 1
6223.520321 0
6213.788642 2
6212.167263 1
6213.788642 0
6213.788642 2
6212.167263 3
6210.546046 3
6204.062800 0
6187.866027 1
6189.484976 1
6191.104086 2
6174.920266 1
6176.537920 1
6178.155736 0
6176.537920 3
6174.920266 3
6173.302774 3
6171.685444 3
6170.068275 3
6168.451268 3
6166.834423 3
6165.217740 3
6126.465801 1
6128.078609 1
6129.691578 1
6131.304708 1
6132.918000 1
6134.531453 1
6136.145068 2
6132.918000 2
6116.792340 2
6120.016182 2
6118.404180 3
6116.792340 3
6049.240393 1
6050.845477 1
6052.450722 1
6054.056128 1
6055.661694 2
6058.873308 2
6057.267421 3
6055.661694 3
6065.298464 2
6068.512005 2
6071.726190 2
6068.512005 2
6066.905154 3
6065.298464 3
6055.661694 1
6057.267421 1
6058.873308 2
6023.580858 1
6025.183377 1
6026.786055 2
6306.475779 2
6309.737563 2
6273.893791 2
6270.639175 2
6267.385210 2
6254.375856 2
6205.683369 2
6212.167263 2
6221.897969 0
6215.410183 2
6215.410183 2
6200.822150 1
6202.442394 0
6192.723359 2
6176.537920 0
6170.068275 0
6137.758843 2
6134.531453 2
6118.404180 2
6121.628345 2
6049.240393 1
6050.845477 2
6057.267421 2
6060.479356 2
6066.905154 2
6070.119017 2
6073.333523 2
6070.119017 2
6060.479356 2
6028.388894 2
6304.845131 1
6306.475779 1
6308.106589 1
6309.737563 1
6311.368700 2
6282.033179 2
6280.404976 3
6278.776936 3
6277.149058 3
6275.521343 3
6273.893791 3
6272.266402 3
6270.639175 3
6269.012111 3
6259.253144 2
6257.627218 3
6256.001456 3
6207.304099 1
6208.924991 1
6210.546046 1
6212.167263 1
6213.788642 1
6215.410183 1
6217.031886 1
6218.653751 1
6220.275779 0
6218.653751 3
6217.031886 1
6218.653751 1
6220.275779 2
6218.653751 3
6217.031886 3
6215.410183 3
6213.788642 3
6200.822150 0
6199.202067 3
6197.582147 3
6195.962389 3
6194.342793 3
6181.391852 2
6174.920266 0
6173.302774 3
6171.685444 3
6170.068275 1
6171.685444 2
6170.068275 3
6168.451268 3
6126.465801 2
6129.691578 1
6131.304708 1
6132.918000 1
6134.531453 1
6136.145068 1
6137.758843 1
6139.372781 2
6137.758843 3
6136.145068 3
6120.016182 1
6121.628345 1
6123.240669 2
6113.569143 2
6052.450722 1
6054.056128 1
6055.661694 1
6057.267421 1
6058.873308 2
6062.085565 2
6065.298464 1
6066.905154 1
6068.512005 1
6070.119017 1
6071.726190 2
6074.941017 2
6073.333523 3
6071.726190 2
6070.119017 3
6068.512005 3
6066.905154 3
6065.298464 3
6063.691934 3
6062.085565 3
6026.786055 1
6028.388894 1
6029.991893 2
6303.214647 0
6306.475779 0
6313.000000 2
6283.661546 2
6267.385210 0
6260.879232 2
6212.167263 0
6215.410183 0
6221.897969 2
6215.410183 0
6212.167263 0
6192.723359 0
6183.010153 2
6173.302774 2
6128.078609 2
6134.531453 2
6140.986879 2
6134.531453 0
6124.853154 2
6115.180661 2
6060.479356 2
6063.691934 2
6073.333523 2
6076.548672 2
6073.333523 2
6031.595053 2
6301.584325 0
6304.845131 0
0.000000 0
6285.290075 2
6283.661546 3
6282.033179 3
6252.750418 1
6254.375856 1
6256.001456 2
6265.758471 0
6262.505482 2
6260.879232 3
6259.253144 3
6243.001205 1
6244.625668 1
6246.250293 2
6210.546046 0
6207.304099 1
6208.924991 1
6210.546046 1
6212.167263 1
6213.788642 0
6223.520321 2
6213.788642 0
6210.546046 0
6208.924991 3
6207.304099 3
6197.582147 2
6194.342793 2
6184.628616 2
6174.920266 1
6176.537920 1
6178.155736 2
6174.920266 2
6173.302774 3
6171.685444 3
6129.691578 1
6131.304708 1
6132.918000 2
6136.145068 1
6137.758843 1
6139.372781 1
6140.986879 1
6142.601140 2
6132.918000 0
6131.304708 3
6129.691578 3
6128.078609 3
6126.465801 3
6116.792340 2
6049.240393 1
6050.845477 1
6052.450722 2
6062.085565 1
6063.691934 1
6065.298464 1
6066.905154 1
6068.512005 1
6070.119017 1
6071.726190 1
6073.333523 1
6074.941017 1
6076.548672 1
6078.156488 2
6076.548672 3
6074.941017 3
6065.298464 2
6062.085565 2
6033.198373 1
6034.801853 1
6036.405493 2
6033.198373 2
6303.214647 0
6286.918766 2
6254.375856 2
6257.627218 2
6264.131895 0
6264.131895 2
6247.875080 2
6225.142835 2
6205.683369 0
6199.202067 2
6195.962389 2
6186.247241 2
6179.773713 2
6176.537920 2
6134.531453 2
6144.215561 2
6124.853154 0
6118.404180 2
6054.056128 2
6060.479356 0
6063.691934 0
6066.905154 0
6079.764464 2
6066.905154 2
6063.691934 2
6038.009294 2
6034.801853 2
6285.290075 2
6301.584325 0
6299.954167 3
6298.324171 3
6288.547621 2
6285.290075 2
6256.001456 1
6257.627218 1
6259.253144 1
6260.879232 1
6262.505482 0
6264.131895 1
6265.758471 2
6264.131895 3
6262.505482 3
6252.750418 2
6251.125143 3
6249.500030 3
6247.875080 3
6246.250293 2
6244.625668 3
6243.001205 3
6241.376905 3
6239.752767 3
6238.128792 3
6236.504979 3
6226.765511 2
6197.582147 1
6199.202067 1
6200.822150 1
6202.442394 1
6204.062800 0
6202.442394 3
6200.822150 3
6199.202067 3
6197.582147 3
6187.866027 2
6186.247241 3
6184.628616 3
6183.010153 3
6181.391852 3
6179.773713 3
6178.155736 3
6171.685444 2
6170.068275 3
6168.451268 3
6136.145068 1
6137.758843 1
6139.372781 1
6140.986879 1
6142.601140 1
6144.215561 1
6145.830144 2
6142.601140 2
6140.986879 3
6139.372781 2
6123.240669 0
6121.628345 3
6120.016182 3
6110.346590 2
6055.661694 1
6057.267421 1
6058.873308 0
6060.479356 1
6062.085565 0
6063.691934 1
6065.298464 0
6081.372602 1
6082.980900 1
6084.589359 2
6081.372602 2
6078.156488 2
6068.512005 2
6066.905154 3
6065.298464 3
6063.691934 3
6062.085565 3
6039.613256 2
6038.009294 3
6036.405493 3
6286.918766 2
6299.954167 0
6296.694339 0
6290.176639 2
6286.918766 2
6264.131895 2
6267.385210 2
6254.375856 2
6247.875080 2
6238.128792 0
6234.881329 0
6228.388350 2
6226.765511 3
6195.962389 0
6189.484976 2
6176.537920 0
6174.920266 3
6173.302774 3
6147.444889 2
6144.215561 2
6140.986879 2
6118.404180 0
6111.957786 2
6063.691934 0
6086.197978 2
6082.980900 2
6079.764464 2
6070.119017 2
6062.085565 0
6041.217377 2
6288.547621 2
6298.324171 0
6295.064669 0
6293.435163 3
6291.805819 3
6290.176639 3
6288.547621 3
6286.918766 3
6285.290075 3
6262.505482 1
6264.131895 1
6265.758471 1
6267.385210 1
6269.012111 2
6267.385210 3
6265.758471 3
6256.001456 2
6254.375856 3
6252.750418 3
6251.125143 3
6249.500030 3
6233.257841 1
6234.881329 1
6236.504979 0
6234.881329 3
6233.257841 0
6231.634515 3
6230.011351 3
6217.031886 2
6184.628616 1
6186.247241 1
6187.866027 1
6189.484976 1
6191.104086 1
6192.723359 1
6194.342793 0
6192.723359 3
6191.104086 3
6161.984858 2
6171.685444 1
6173.302774 1
6174.920266 0
6171.685444 0
6170.068275 3
6168.451268 3
6158.752623 2
6155.521034 2
6152.290091 2
6150.674862 3
6149.059795 3
6147.444889 3
6145.830144 3
6144.215561 3
6142.601140 3
6113.569143 1
6115.180661 1
6116.792340 0
6115.180661 3
6113.569143 3
6111.957786 3
6110.346590 3
6108.735555 3
6107.124682 3
6105.513969 3
6103.903418 3
6062.085565 0
6091.024803 2
6089.415701 3
6087.806759 3
6086.197978 3
6084.589359 3
6082.980900 3
6081.372602 3
6071.726190 2
6070.119017 3
6068.512005 3
6039.613256 1
6041.217377 1
6042.821659 2
6041.217377 3
6039.613256 2
6290.176639 2
6296.694339 0
6290.176639 0
6283.661546 0
6270.639175 2
6257.627218 2
6247.875080 0
6246.250293 3
6231.634515 0
6218.653751 2
6186.247241 0
6192.723359 0
6189.484976 0
6163.601218 2
6170.068275 0
6173.302774 0
6170.068275 0
6160.368660 2
6157.136747 2
6153.905482 2
6144.215561 0
6111.957786 0
6108.735555 0
6105.513969 0
6102.293027 0
6092.634067 2
6079.764464 0
6073.333523 2
6049.240393 2
6044.426102 2
6041.217377 2
6291.805819 1
6293.435163 1
6295.064669 0
6293.435163 3
6291.805819 3
6288.547621 0
6278.776936 2
6282.033179 0
6280.404976 3
6278.776936 3
6277.149058 3
6275.521343 3
6273.893791 3
6272.266402 3
6262.505482 2
6260.879232 3
6259.253144 3
6257.627218 3
6256.001456 3
6246.250293 0
6236.504979 2
6233.257841 2
6230.011351 0
6217.031886 1
6218.653751 1
6220.275779 2
6218.653751 3
6217.031886 3
6184.628616 0
6181.391852 2
6191.104086 0
6187.866027 0
6165.217740 1
6166.834423 1
6168.451268 0
6170.068275 1
6171.685444 0
6170.068275 3
6168.451268 0
6166.834423 3
6165.217740 3
6163.601218 3
6161.984858 3
6160.368660 3
6158.752623 3
6157.136747 3
6155.521034 3
6153.905482 3
6152.290091 3
6142.601140 0
6129.691578 2
6100.682798 1
6102.293027 1
6103.903418 2
6110.346590 0
6107.124682 0
6103.903418 0
6100.682798 0
6099.072730 3
6097.462823 3
6095.853076 3
6094.243491 3
6065.298464 2
6074.941017 1
6076.548672 1
6078.156488 0
6076.548672 3
6074.941017 3
6052.450722 2
6050.845477 3
6049.240393 3
6046.030705 2
6044.426102 3
6042.821659 3
6290.176639 0
6290.176639 0
6286.918766 0
6280.404976 2
6273.893791 0
6264.131895 2
6244.625668 0
6238.128792 2
6236.504979 3
6234.881329 3
6228.388350 0
6221.897969 2
6183.010153 0
6183.010153 2
6189.484976 0
6166.834423 0
6161.984858 0
6157.136747 0
6150.674862 0
6131.304708 2
6105.513969 2
6108.735555 0
6107.124682 3
6095.853076 0
6065.298464 1
6066.905154 2
6076.548672 0
6073.333523 0
6054.056128 2
6046.030705 1
6047.635469 2
6288.547621 0
6286.918766 3
6285.290075 1
6286.918766 1
6288.547621 0
6286.918766 3
6285.290075 0
6283.661546 3
6282.033179 3
6280.404976 3
6278.776936 3
6277.149058 3
6275.521343 3
6273.893791 3
6272.266402 0
6270.639175 3
6269.012111 3
6267.385210 3
6265.758471 3
6256.001456 2
6239.752767 1
6241.376905 1
6243.001205 0
6241.376905 3
6239.752767 3
6233.257841 0
6231.634515 3
6230.011351 3
6228.388350 3
6226.765511 3
6225.142835 3
6223.520321 3
6221.897969 3
6220.275779 3
6181.391852 0
6184.628616 1
6186.247241 1
6187.866027 0
6161.984858 2
6158.752623 1
6160.368660 1
6161.984858 2
6158.752623 2
6165.217740 0
6163.601218 3
6161.984858 3
6160.368660 0
6158.752623 3
6157.136747 3
6155.521034 0
6153.905482 3
6152.290091 3
6149.059795 0
6136.145068 2
6132.918000 2
6131.304708 3
6129.691578 3
6107.124682 2
6105.513969 1
6107.124682 0
6074.941017 2
6078.156488 2
6091.024803 1
6092.634067 1
6094.243491 0
6058.873308 2
6068.512005 1
6070.119017 1
6071.726190 1
6073.333523 1
6074.941017 0
6073.333523 3
6071.726190 0
6055.661694 2
6054.056128 3
6052.450722 3
6049.240393 2
6046.030705 2
6285.290075 0
6286.918766 0
6280.404976 0
6277.149058 0
6270.639175 0
6264.131895 0
6257.627218 2
6238.128792 0
6241.376905 0
6228.388350 0
6183.010153 0
6163.601218 2
6163.601218 2
6160.368660 2
6163.601218 0
6160.368660 0
6153.905482 0
6137.758843 2
6134.531453 2
6108.735555 2
6076.548672 2
6079.764464 2
6092.634067 0
6060.479356 2
6070.119017 0
6073.333523 0
6057.267421 2
6050.845477 2
6047.635469 2
6282.033179 1
6283.661546 0
6282.033179 1
6283.661546 1
6285.290075 0
6275.521343 1
6277.149058 1
6278.776936 0
6275.521343 0
6265.758471 1
6267.385210 1
6269.012111 0
6267.385210 3
6265.758471 3
6262.505482 0
6260.879232 3
6259.253144 3
6236.504979 0
6239.752767 0
6230.011351 2
6228.388350 3
6226.765511 3
6225.142835 1
6226.765511 0
6225.142835 3
6223.520321 3
6174.920266 1
6176.537920 1
6178.155736 2
6176.537920 3
6174.920266 3
6184.628616 2
6161.984858 1
6163.601218 1
6165.217740 1
6166.834423 1
6168.451268 2
6166.834423 3
6165.217740 2
6163.601218 3
6161.984858 3
6160.368660 1
6161.984858 0
6158.752623 0
6149.059795 1
6150.674862 1
6152.290091 0
6139.372781 1
6140.986879 1
6142.601140 2
6140.986879 3
6139.372781 3
6136.145068 2
6134.531453 3
6132.918000 3
6110.346590 2
6074.941017 1
6076.548672 1
6078.156488 1
6079.764464 1
6081.372602 2
6084.589359 2
6091.024803 0
6062.085565 1
6063.691934 1
6065.298464 1
6066.905154 1
6068.512005 0
6070.119017 1
6071.726190 0
6062.085565 2
6060.479356 3
6058.873308 3
6057.267421 3
6055.661694 3
6054.056128 3
6052.450722 3
6050.845477 3
6049.240393 3
6280.404976 0
6272.266402 1
6273.893791 0
6277.149058 0
6273.893791 0
6264.131895 0
6260.879232 0
6238.128792 2
6238.128792 0
6231.634515 2
6225.142835 0
6221.897969 0
6179.773713 2
6186.247241 2
6161.984858 0
6170.068275 2
6166.834423 2
6150.674862 0
6144.215561 2
6137.758843 2
6111.957786 2
6082.980900 2
6086.197978 2
6066.905154 0
6070.119017 0
6063.691934 2
6050.845477 0
6047.635469 0
6275.521343 1
6277.149058 1
6278.776936 0
6277.149058 3
6275.521343 3
6272.266402 0
6275.521343 0
6273.893791 3
6272.266402 0
6270.639175 3
6269.012111 3
6267.385210 3
6265.758471 3
6262.505482 0
6260.879232 3
6259.253144 0
6236.504979 1
6238.128792 1
6239.752767 2
6238.128792 3
6236.504979 0
6234.881329 2
6233.257841 3
6231.634515 3
6230.011351 3
6228.388350 3
6226.765511 2
6220.275779 0
6218.653751 3
6217.031886 3
6181.391852 1
6183.010153 1
6184.628616 1
6186.247241 1
6187.866027 1
6189.484976 1
6191.104086 2
6174.920266 2
6173.302774 3
6171.685444 3
6170.068275 3
6168.451268 3
6165.217740 2
6161.984858 2
6158.752623 2
6155.521034 2
6152.290091 2
6150.674862 3
6149.059795 3
6147.444889 3
6145.830144 3
6144.215561 3
6142.601140 3
6140.986879 3
6139.372781 3
6110.346590 1
6111.957786 1
6113.569143 2
6110.346590 2
6108.735555 3
6107.124682 3
6084.589359 1
6086.197978 1
6087.806759 2
6086.197978 3
6084.589359 3
6062.085565 1
6063.691934 1
6065.298464 2
6063.691934 1
6065.298464 0
6068.512005 0
6066.905154 3
6065.298464 3
6055.661694 2
6054.056128 3
6052.450722 3
6049.240393 0
6046.030705 0
6273.893791 0
6270.639175 0
6264.131895 0
6260.879232 0
6241.376905 2
6236.504979 2
6228.388350 2
6218.653751 0
6192.723359 2
6176.537920 2
6166.834423 2
6163.601218 2
6160.368660 2
6157.136747 2
6153.905482 2
6144.215561 0
6140.986879 0
6115.180661 2
6111.957786 2
6089.415701 2
6082.980900 0
6066.905154 2
6063.691934 0
6057.267421 2
6047.635469 2
6259.253144 1
6260.879232 1
6262.505482 1
6264.131895 1
6265.758471 1
6267.385210 1
6269.012111 1
6270.639175 1
6272.266402 0
6269.012111 0
6259.253144 1
6260.879232 1
6262.505482 0
6259.253144 0
6243.001205 1
6244.625668 1
6246.250293 2
6243.001205 2
6241.376905 3
6239.752767 3
6238.128792 3
6236.504979 3
6233.257841 2
6231.634515 3
6230.011351 3
6217.031886 0
6215.410183 3
6213.788642 3
6212.167263 3
6210.546046 3
6208.924991 3
6207.304099 3
6197.582147 2
6195.962389 3
6194.342793 3
6178.155736 2
6165.217740 1
6166.834423 1
6168.451268 1
6170.068275 2
6168.451268 3
6166.834423 3
6165.217740 2
6161.984858 2
6160.368660 3
6158.752623 3
6157.136747 3
6155.521034 3
6139.372781 1
6140.986879 1
6142.601140 0
6140.986879 3
6139.372781 0
6137.758843 3
6136.145068 3
6113.569143 1
6115.180661 1
6116.792340 2
6115.180661 3
6113.569143 3
6091.024803 2
6089.415701 3
6087.806759 1
6089.415701 1
6091.024803 2
6081.372602 0
6065.298464 1
6066.905154 1
6068.512005 2
6058.873308 2
6057.267421 3
6055.661694 3
6062.085565 0
6060.479356 3
6058.873308 3
6049.240393 1
6050.845477 1
6052.450722 2
6050.845477 3
6049.240393 2
6259.253144 0
6264.131895 0
6267.385210 0
6260.879232 0
6257.627218 0
6247.875080 2
6244.625668 2
6234.881329 2
6205.683369 0
6199.202067 2
6179.773713 2
6171.685444 2
6166.834423 2
6163.601218 2
6140.986879 2
6118.404180 2
6111.957786 0
6092.634067 2
6092.634067 2
6079.764464 0
6070.119017 2
6060.479356 2
6060.479356 0
6054.056128 2
6050.845477 2
6256.001456 1
6257.627218 0
6256.001456 3
6262.505482 0
6264.131895 1
6265.758471 0
6264.131895 3
6262.505482 3
6260.879232 3
6259.253144 3
6257.627218 3
6256.001456 3
6259.253144 0
6257.627218 3
6256.001456 0
6254.375856 3
6252.750418 3
6251.125143 3
6249.500030 3
6247.875080 3
6246.250293 3
6244.625668 3
6243.001205 3
6241.376905 3
6239.752767 3
6238.128792 3
6236.504979 3
6191.104086 1
6192.723359 1
6194.342793 1
6195.962389 1
6197.582147 1
6199.202067 1
6200.822150 1
6202.442394 1
6204.062800 0
6202.442394 3
6200.822150 3
6184.628616 2
6181.391852 2
6179.773713 3
6178.155736 3
6176.537920 3
6174.920266 3
6173.302774 3
6171.685444 3
6170.068275 3
6168.451268 3
6166.834423 3
6165.217740 3
6149.059795 1
6150.674862 1
6152.290091 2
6150.674862 3
6149.059795 3
6147.444889 3
6145.830144 3
6144.215561 3
6142.601140 3
6140.986879 3
6139.372781 3
6137.758843 3
6136.145068 3
6120.016182 2
6110.346590 0
6094.243491 1
6095.853076 1
6097.462823 2
6094.243491 2
6078.156488 0
6076.548672 3
6074.941017 3
6073.333523 3
6071.726190 3
6062.085565 2
6060.479356 3
6058.873308 3
6057.267421 1
6058.873308 0
6062.085565 2
6058.873308 2
6057.267421 3
6055.661694 3
6052.450722 2
6254.375856 0
6254.375856 0
6260.879232 0
6257.627218 0
6254.375856 0
6257.627218 0
6247.875080 0
6244.625668 0
6238.128792 0
6234.881329 0
6197.582147 0
6202.442394 0
6199.202067 0
6186.247241 2
6183.010153 2
6163.601218 0
6153.905482 2
6147.444889 0
6140.986879 0
6134.531453 0
6121.628345 2
6099.072730 2
6095.853076 2
6070.119017 0
6063.691934 2
6060.479356 2
6063.691934 2
6060.479356 2
6054.056128 2
6252.750418 0
6252.750418 0
6243.001205 2
6239.752767 2
6259.253144 0
6256.001456 0
6252.750418 0
6254.375856 1
6256.001456 0
6233.257841 2
6230.011351 2
6246.250293 0
6243.001205 0
6226.765511 2
6236.504979 0
6233.257841 0
6231.634515 3
6230.011351 3
6191.104086 1
6192.723359 1
6194.342793 1
6195.962389 0
6197.582147 1
6199.202067 1
6200.822150 0
6199.202067 3
6197.582147 0
6187.866027 2
6186.247241 3
6184.628616 3
6183.010153 3
6181.391852 3
6132.918000 1
6134.531453 1
6136.145068 2
6134.531453 3
6132.918000 3
6161.984858 0
6160.368660 3
6158.752623 3
6157.136747 3
6155.521034 3
6145.830144 0
6129.691578 2
6139.372781 0
6129.691578 1
6131.304708 1
6132.918000 0
6123.240669 2
6107.124682 1
6108.735555 1
6110.346590 2
6100.682798 2
6099.072730 3
6097.462823 3
6095.853076 3
6094.243491 3
6091.024803 2
6068.512005 0
6066.905154 3
6065.298464 3
6063.691934 3
6062.085565 3
6060.479356 1
6062.085565 1
6063.691934 1
6065.298464 2
6063.691934 3
6062.085565 3
6060.479356 3
6058.873308 3
6055.661694 2
6251.125143 0
6251.125143 0
6244.625668 2
6241.376905 2
6254.375856 0
6234.881329 2
6231.634515 2
6244.625668 0
6228.388350 2
6234.881329 0
6231.634515 0
6195.962389 0
6195.962389 0
6189.484976 2
6179.773713 0
6137.758843 2
6160.368660 0
6153.905482 0
6131.304708 2
6137.758843 0
6131.304708 0
6124.853154 2
6111.957786 2
6102.293027 2
6092.634067 2
6063.691934 0
6066.905154 2
6057.267421 2
6249.500030 0
6247.875080 1
6249.500030 0
6247.875080 3
6246.250293 3
6244.625668 3
6243.001205 3
6241.376905 3
6239.752767 3
6252.750418 0
6251.125143 3
6249.500030 3
6233.257841 1
6234.881329 1
6236.504979 2
6234.881329 3
6233.257841 3
6243.001205 0
6226.765511 1
6228.388350 1
6230.011351 1
6231.634515 1
6233.257841 0
6230.011351 0
6220.275779 2
6218.653751 3
6217.031886 2
6215.410183 3
6213.788642 3
6194.342793 0
6178.155736 2
6194.342793 0
6192.723359 3
6191.104086 3
6189.484976 3
6187.866027 3
6178.155736 0
6136.145068 1
6137.758843 1
6139.372781 2
6155.521034 1
6157.136747 1
6158.752623 0
6157.136747 3
6155.521034 3
6152.290091 0
6123.240669 2
6132.918000 1
6134.531453 1
6136.145068 0
6134.531453 3
6132.918000 3
6131.304708 3
6129.691578 0
6128.078609 3
6126.465801 3
6116.792340 2
6113.569143 2
6103.903418 2
6102.293027 3
6100.682798 3
6097.462823 2
6094.243491 2
6087.806759 2
6062.085565 0
6074.941017 2
6073.333523 3
6071.726190 3
6070.119017 3
6068.512005 2
6066.905154 3
6065.298464 3
6063.691934 3
6062.085565 3
6060.479356 3
6058.873308 3
6247.875080 0
6247.875080 0
6244.625668 0
6238.128792 0
6247.875080 0
6238.128792 2
6231.634515 0
6228.388350 0
6221.897969 2
6218.653751 2
6179.773713 2
6189.484976 0
6186.247241 0
6179.773713 2
6140.986879 2
6157.136747 0
6150.674862 0
6124.853154 2
6134.531453 0
6131.304708 0
6124.853154 0
6118.404180 2
6115.180661 2
6105.513969 2
6099.072730 2
6097.462823 3
6095.853076 3
6089.415701 2
6076.548672 2
6070.119017 2
6063.691934 0
6058.873308 0
6246.250293 0
6246.250293 0
6244.625668 3
6243.001205 0
6241.376905 3
6239.752767 3
6239.752767 1
6241.376905 1
6243.001205 1
6244.625668 1
6246.250293 0
6244.625668 3
6243.001205 3
6241.376905 3
6239.752767 3
6238.128792 3
6236.504979 3
6213.788642 1
6215.410183 1
6217.031886 1
6218.653751 1
6220.275779 2
6230.011351 0
6226.765511 0
6225.142835 3
6223.520321 3
6221.897969 3
6220.275779 3
6218.653751 3
6217.031886 3
6178.155736 1
6179.773713 1
6181.391852 1
6183.010153 1
6184.628616 1
6186.247241 1
6187.866027 0
6184.628616 0
6183.010153 3
6181.391852 3
6165.217740 2
6142.601140 1
6144.215561 1
6145.830144 2
6155.521034 0
6145.830144 1
6147.444889 1
6149.059795 0
6126.465801 1
6128.078609 1
6129.691578 2
6132.918000 0
6129.691578 0
6128.078609 3
6126.465801 3
6123.240669 0
6121.628345 3
6120.016182 3
6118.404180 3
6116.792340 3
6107.124682 2
6105.513969 3
6103.903418 3
6102.293027 3
6100.682798 3
6094.243491 0
6092.634067 3
6091.024803 3
6081.372602 2
6078.156488 2
6074.941017 2
6071.726190 2
6062.085565 0
6052.450722 2
6055.661694 2
6241.376905 0
6238.128792 0
6238.128792 0
6241.376905 0
6238.128792 0
6234.881329 0
6221.897969 2
6228.388350 0
6225.142835 0
6176.537920 0
6186.247241 0
6179.773713 0
6166.834423 2
6144.215561 2
6147.444889 2
6153.905482 0
6147.444889 0
6131.304708 2
6129.691578 3
6128.078609 0
6120.016182 2
6118.404180 0
6115.180661 0
6108.735555 2
6102.293027 0
6099.072730 0
6089.415701 0
6082.980900 2
6079.764464 2
6076.548672 2
6073.333523 2
6052.450722 1
6054.056128 2
6057.267421 2
6204.062800 2
6207.304099 2
6239.752767 0
6236.504979 0
6234.881329 1
6236.504979 0
6239.752767 0
6223.520321 2
6233.257841 1
6234.881329 1
6236.504979 0
6233.257841 0
6217.031886 1
6218.653751 1
6220.275779 1
6221.897969 1
6223.520321 1
6225.142835 1
6226.765511 0
6225.142835 3
6223.520321 0
6221.897969 3
6220.275779 3
6204.062800 2
6171.685444 1
6173.302774 1
6174.920266 0
6181.391852 2
6184.628616 2
6183.010153 1
6184.628616 0
6174.920266 1
6176.537920 1
6178.155736 0
6168.451268 2
6145.830144 1
6147.444889 1
6149.059795 1
6150.674862 1
6152.290091 0
6150.674862 3
6149.059795 3
6147.444889 3
6145.830144 0
6144.215561 3
6142.601140 3
6132.918000 2
6129.691578 2
6128.078609 3
6126.465801 0
6124.853154 3
6123.240669 3
6121.628345 3
6120.016182 3
6118.404180 3
6116.792340 0
6113.569143 0
6111.957786 3
6110.346590 3
6100.682798 0
6097.462823 0
6095.853076 3
6094.243491 3
6087.806759 0
6086.197978 3
6084.589359 3
6082.980900 3
6081.372602 3
6079.764464 3
6078.156488 3
6076.548672 3
6074.941017 3
6065.298464 2
6055.661694 1
6057.267421 1
6058.873308 2
6205.683369 2
6208.924991 2
6225.142835 2
6234.881329 0
6231.634515 0
6230.011351 3
6221.897969 0
6225.142835 0
6221.897969 0
6205.683369 2
6183.010153 2
6186.247241 2
6176.537920 0
6170.068275 2
6150.674862 0
6140.986879 0
6134.531453 2
6131.304708 2
6128.078609 2
6108.735555 0
6095.853076 0
6086.197978 0
6082.980900 0
6079.764464 0
6073.333523 0
6066.905154 2
6060.479356 2
6207.304099 1
6208.924991 1
6210.546046 1
6212.167263 1
6213.788642 1
6215.410183 1
6217.031886 1
6218.653751 1
6220.275779 1
6221.897969 1
6223.520321 1
6225.142835 1
6226.765511 1
6228.388350 1
6230.011351 1
6231.634515 1
6233.257841 0
6230.011351 0
6213.788642 1
6215.410183 1
6217.031886 1
6218.653751 1
6220.275779 0
6221.897969 1
6223.520321 0
6221.897969 3
6220.275779 0
6210.546046 2
6207.304099 2
6205.683369 3
6204.062800 3
6181.391852 1
6183.010153 1
6184.628616 1
6186.247241 1
6187.866027 2
6184.628616 2
6183.010153 3
6181.391852 3
6174.920266 0
6173.302774 3
6171.685444 3
6161.984858 2
6145.830144 1
6147.444889 1
6149.059795 0
6147.444889 3
6145.830144 3
6136.145068 1
6137.758843 1
6139.372781 0
6137.758843 3
6136.145068 3
6134.531453 3
6132.918000 3
6131.304708 3
6129.691578 3
6128.078609 3
6126.465801 3
6124.853154 3
6123.240669 3
6100.682798 1
6102.293027 1
6103.903418 1
6105.513969 1
6107.124682 0
6091.024803 2
6094.243491 0
6092.634067 3
6091.024803 3
6084.589359 0
6081.372602 0
6078.156488 0
6068.512005 1
6070.119017 1
6071.726190 0
6070.119017 3
6068.512005 3
6066.905154 3
6065.298464 3
6063.691934 3
6062.085565 3
6208.924991 0
6218.653751 0
6225.142835 0
6231.634515 0
6228.388350 0
6221.897969 0
6218.653751 0
6212.167263 2
6208.924991 2
6189.484976 2
6186.247241 2
6170.068275 0
6163.601218 2
6145.830144 0
6137.758843 0
6131.304708 0
6121.628345 0
6102.293027 0
6092.634067 2
6089.415701 0
6079.764464 0
6070.119017 0
6066.905154 0
6063.691934 0
6204.062800 1
6205.683369 1
6207.304099 0
6205.683369 3
6204.062800 3
6213.788642 1
6215.410183 1
6217.031886 0
6218.653751 1
6220.275779 1
6221.897969 1
6223.520321 0
6226.765511 1
6228.388350 1
6230.011351 0
6228.388350 3
6226.765511 0
6225.142835 3
6223.520321 3
6221.897969 3
6220.275779 3
6218.653751 3
6217.031886 1
6218.653751 1
6220.275779 0
6218.653751 3
6217.031886 0
6215.410183 3
6213.788642 3
6212.167263 3
6210.546046 3
6208.924991 3
6207.304099 3
6205.683369 3
6204.062800 3
6194.342793 2
6191.104086 2
6189.484976 3
6187.866027 2
6184.628616 2
6181.391852 2
6168.451268 0
6166.834423 3
6165.217740 3
6163.601218 3
6161.984858 3
6160.368660 3
6158.752623 3
6129.691578 1
6131.304708 1
6132.918000 1
6134.531453 1
6136.145068 0
6126.465801 1
6128.078609 1
6129.691578 0
6128.078609 3
6126.465801 3
6116.792340 1
6118.404180 1
6120.016182 0
6118.404180 3
6116.792340 3
6100.682798 0
6099.072730 3
6097.462823 3
6094.243491 2
6092.634067 3
6091.024803 3
6087.806759 0
6086.197978 3
6084.589359 3
6078.156488 0
6076.548672 3
6074.941017 3
6073.333523 3
6071.726190 3
6068.512005 0
6065.298464 0
6063.691934 3
6062.085565 0
6060.479356 3
6058.873308 3
6212.167263 0
6215.410183 0
6225.142835 0
6228.388350 0
6225.142835 0
6215.410183 0
6217.031886 0
6208.924991 0
6205.683369 0
6195.962389 2
6192.723359 2
6189.484976 2
6186.247241 2
6183.010153 2
6166.834423 0
6160.368660 0
6128.078609 0
6124.853154 0
6115.180661 0
6115.180661 0
6102.293027 2
6095.853076 2
6084.589359 1
6086.197978 0
6073.333523 0
6070.119017 0
6066.905154 0
6060.479356 0
6057.267421 0
6158.752623 2
6191.104086 2
6187.866027 2
6210.546046 0
6213.788642 0
6212.167263 3
6210.546046 3
6194.342793 2
6223.520321 0
6226.765511 0
6223.520321 0
6200.822150 1
6202.442394 1
6204.062800 2
6213.788642 0
6178.155736 2
6181.391852 2
6204.062800 1
6205.683369 1
6207.304099 0
6205.683369 3
6204.062800 0
6202.442394 3
6200.822150 3
6199.202067 3
6197.582147 3
6195.962389 3
6194.342793 3
6192.723359 3
6191.104086 3
6189.484976 3
6187.866027 3
6186.247241 3
6184.628616 3
6165.217740 0
6163.601218 3
6161.984858 3
6158.752623 0
6152.290091 2
6150.674862 3
6149.059795 3
6139.372781 2
6142.601140 2
6140.986879 3
6139.372781 3
6126.465801 0
6123.240669 0
6113.569143 0
6111.957786 3
6110.346590 1
6111.957786 1
6113.569143 0
6103.903418 2
6102.293027 3
6100.682798 3
6099.072730 3
6097.462823 3
6095.853076 3
6094.243491 3
6084.589359 0
6068.512005 1
6070.119017 1
6071.726190 2
6071.726190 0
6070.119017 3
6068.512005 0
6066.905154 3
6065.298464 0
6063.691934 3
6062.085565 3
6060.479356 3
6058.873308 0
6055.661694 0
6160.368660 2
6192.723359 2
6189.484976 2
6208.924991 0
6212.167263 0
6208.924991 0
6195.962389 2
6221.897969 0
6205.683369 2
6179.773713 2
6183.010153 2
6205.683369 0
6202.442394 0
6195.962389 0
6189.484976 0
6186.247241 0
6183.010153 0
6160.368660 0
6157.136747 0
6153.905482 2
6140.986879 2
6144.215561 2
6137.758843 0
6111.957786 0
6105.513969 2
6099.072730 0
6095.853076 0
6081.372602 1
6082.980900 0
6073.333523 2
6066.905154 0
6063.691934 0
6060.479356 0
6057.267421 0
6054.056128 0
6161.984858 2
6194.342793 2
6192.723359 3
6191.104086 3
6207.304099 0
6210.546046 0
6207.304099 0
6197.582147 1
6199.202067 1
6200.822150 2
6197.582147 2
6220.275779 0
6210.546046 2
6207.304099 2
6205.683369 3
6204.062800 3
6181.391852 1
6183.010153 1
6184.628616 1
6186.247241 1
6187.866027 2
6204.062800 0
6200.822150 0
6199.202067 3
6197.582147 3
6194.342793 0
6192.723359 3
6191.104086 3
6189.484976 3
6187.866027 0
6184.628616 0
6181.391852 0
6158.752623 2
6161.984858 2
6158.752623 2
6155.521034 2
6153.905482 3
6152.290091 2
6142.601140 1
6144.215561 1
6145.830144 2
6136.145068 0
6120.016182 2
6123.240669 2
6121.628345 3
6120.016182 3
6107.124682 1
6108.735555 1
6110.346590 0
6108.735555 3
6107.124682 3
6097.462823 0
6094.243491 0
6092.634067 3
6091.024803 3
6081.372602 0
6078.156488 2
6074.941017 2
6071.726190 2
6065.298464 0
6062.085565 0
6058.873308 0
6055.661694 0
6052.450722 0
6163.601218 2
6195.962389 2
6205.683369 0
6208.924991 0
6205.683369 0
6202.442394 2
6199.202067 2
6218.653751 0
6212.167263 2
6208.924991 2
6186.247241 2
6189.484976 2
6202.442394 0
6199.202067 0
6155.521034 2
6186.247241 0
6179.773713 0
6160.368660 2
6163.601218 2
6160.368660 2
6157.136747 2
6153.905482 2
6147.444889 2
6121.628345 2
6124.853154 2
6105.513969 0
6089.415701 0
6082.980900 2
6079.764464 2
6076.548672 2
6073.333523 2
6057.267421 0
6054.056128 0
6050.845477 0
6165.217740 2
6197.582147 1
6199.202067 1
6200.822150 1
6202.442394 1
6204.062800 0
6205.683369 1
6207.304099 0
6205.683369 3
6204.062800 0
6200.822150 2
6204.062800 2
6202.442394 3
6200.822150 3
6217.031886 0
6215.410183 3
6213.788642 3
6212.167263 3
6210.546046 3
6208.924991 3
6207.304099 3
6184.628616 1
6186.247241 1
6187.866027 2
6191.104086 2
6200.822150 0
6197.582147 0
6155.521034 1
6157.136747 1
6158.752623 2
6161.984858 2
6184.628616 0
6168.451268 2
6178.155736 0
6161.984858 1
6163.601218 1
6165.217740 2
6163.601218 3
6161.984858 3
6158.752623 2
6157.136747 3
6155.521034 3
6153.905482 3
6152.290091 3
6150.674862 3
6149.059795 3
6147.444889 3
6145.830144 3
6123.240669 1
6124.853154 1
6126.465801 2
6123.240669 2
6120.016182 2
6110.346590 2
6103.903418 0
6110.346590 2
6107.124682 2
6087.806759 0
6086.197978 3
6084.589359 3
6082.980900 3
6081.372602 3
6079.764464 3
6078.156488 3
6076.548672 3
6074.941017 3
6073.333523 3
6071.726190 3
6070.119017 3
6068.512005 3
6055.661694 0
6054.056128 3
6052.450722 0
6050.845477 3
6049.240393 0
6166.834423 2
6199.202067 0
6205.683369 0
6202.442394 0
6202.442394 2
6205.683369 2
6215.410183 0
6205.683369 0
6189.484976 2
6192.723359 2
6199.202067 0
6160.368660 2
6163.601218 2
6170.068275 2
6176.537920 0
6166.834423 2
6160.368660 2
6153.905482 0
6147.444889 0
6128.078609 2
6124.853154 2
6121.628345 2
6111.957786 2
6111.957786 2
6108.735555 2
6086.197978 0
6073.333523 0
6054.056128 0
6050.845477 0
6168.451268 2
6194.342793 1
6195.962389 1
6197.582147 0
6195.962389 3
6194.342793 3
6204.062800 0
6202.442394 3
6200.822150 0
6202.442394 1
6204.062800 1
6205.683369 1
6207.304099 1
6208.924991 1
6210.546046 1
6212.167263 1
6213.788642 0
6212.167263 3
6210.546046 3
6208.924991 3
6207.304099 3
6205.683369 3
6204.062800 0
6194.342793 2
6191.104086 2
6194.342793 1
6195.962389 1
6197.582147 0
6187.866027 2
6184.628616 2
6161.984858 1
6163.601218 1
6165.217740 1
6166.834423 1
6168.451268 1
6170.068275 1
6171.685444 1
6173.302774 1
6174.920266 0
6173.302774 3
6171.685444 3
6170.068275 3
6168.451268 3
6166.834423 3
6165.217740 3
6163.601218 3
6161.984858 3
6152.290091 0
6150.674862 3
6149.059795 3
6147.444889 3
6145.830144 0
6136.145068 2
6134.531453 3
6132.918000 3
6129.691578 2
6126.465801 2
6124.853154 3
6123.240669 2
6113.569143 1
6115.180661 1
6116.792340 2
6113.569143 2
6110.346590 2
6084.589359 0
6055.661694 2
6065.298464 1
6066.905154 1
6068.512005 1
6070.119017 1
6071.726190 0
6046.030705 1
6047.635469 1
6049.240393 1
6050.845477 1
6052.450722 0
6049.240393 0
6039.613256 2
6170.068275 2
6194.342793 0
6202.442394 0
6208.924991 0
6212.167263 0
6202.442394 0
6195.962389 2
6192.723359 2
6195.962389 0
6189.484976 2
6186.247241 2
6168.451268 0
6173.302774 0
6163.601218 0
6160.368660 0
6149.059795 0
6144.215561 0
6137.758843 2
6131.304708 2
6128.078609 2
6124.853154 2
6118.404180 2
6115.180661 2
6111.957786 2
6057.267421 2
6066.905154 0
6070.119017 0
6044.426102 0
6050.845477 0
6047.635469 0
6041.217377 2
6171.685444 2
6178.155736 2
6181.391852 2
6191.104086 1
6192.723359 1
6194.342793 1
6195.962389 1
6197.582147 1
6199.202067 1
6200.822150 0
6204.062800 1
6205.683369 1
6207.304099 0
6210.546046 0
6194.342793 1
6195.962389 1
6197.582147 1
6199.202067 1
6200.822150 0
6199.202067 3
6197.582147 3
6195.962389 3
6194.342793 3
6192.723359 3
6191.104086 1
6192.723359 1
6194.342793 0
6192.723359 3
6191.104086 3
6189.484976 3
6187.866027 3
6186.247241 3
6184.628616 3
6183.010153 3
6181.391852 3
6179.773713 3
6178.155736 3
6168.451268 1
6170.068275 1
6171.685444 0
6170.068275 3
6168.451268 3
6158.752623 1
6160.368660 1
6161.984858 0
6158.752623 0
6157.136747 3
6155.521034 3
6139.372781 1
6140.986879 1
6142.601140 0
6140.986879 3
6139.372781 3
6137.758843 3
6136.145068 3
6134.531453 3
6132.918000 3
6131.304708 3
6129.691578 3
6128.078609 3
6126.465801 3
6124.853154 3
6123.240669 3
6121.628345 3
6120.016182 3
6118.404180 3
6116.792340 3
6115.180661 3
6113.569143 3
6111.957786 3
6110.346590 3
6058.873308 1
6060.479356 1
6062.085565 1
6063.691934 1
6065.298464 0
6066.905154 1
6068.512005 0
6042.821659 0
6049.240393 2
6047.635469 1
6049.240393 0
6047.635469 3
6046.030705 0
6044.426102 3
6042.821659 3
6173.302774 2
6179.773713 1
6181.391852 1
6183.010153 2
6189.484976 0
6192.723359 0
6195.962389 0
6195.962389 0
6192.723359 0
6189.484976 0
6186.247241 0
6179.773713 0
6176.537920 0
6170.068275 2
6170.068275 0
6137.758843 0
6131.304708 0
6128.078609 0
6121.628345 0
6115.180661 0
6111.957786 0
6066.905154 0
6050.845477 2
6047.635469 0
6044.426102 0
6041.217377 0
6174.920266 1
6176.537920 1
6178.155736 0
6184.628616 1
6186.247241 1
6187.866027 0
6189.484976 1
6191.104086 0
6189.484976 3
6187.866027 3
6178.155736 2
6176.537920 3
6174.920266 2
6126.465801 2
6187.866027 1
6189.484976 1
6191.104086 1
6192.723359 1
6194.342793 0
6192.723359 3
6191.104086 1
6192.723359 1
6194.342793 0
6192.723359 3
6191.104086 3
6161.984858 2
6191.104086 0
6187.866027 0
6184.628616 0
6174.920266 1
6176.537920 1
6178.155736 0
6174.920266 0
6173.302774 3
6171.685444 3
6168.451268 0
6166.834423 3
6165.217740 3
6163.601218 3
6161.984858 3
6139.372781 1
6140.986879 1
6142.601140 2
6140.986879 3
6139.372781 3
6137.758843 3
6136.145068 3
6132.918000 1
6134.531453 1
6136.145068 0
6126.465801 1
6128.078609 1
6129.691578 0
6126.465801 0
6124.853154 3
6123.240669 3
6120.016182 0
6097.462823 2
6113.569143 0
6111.957786 3
6110.346590 0
6108.735555 3
6107.124682 3
6105.513969 3
6103.903418 3
6058.873308 1
6060.479356 1
6062.085565 1
6063.691934 1
6065.298464 0
6055.661694 2
6054.056128 3
6052.450722 3
6049.240393 2
6042.821659 0
6041.217377 3
6039.613256 0
6173.302774 0
6186.247241 0
6186.247241 0
6179.773713 2
6176.537920 2
6128.078609 2
6191.104086 0
6163.601218 2
6183.010153 0
6181.391852 3
6176.537920 0
6160.368660 0
6144.215561 2
6137.758843 0
6134.531453 0
6124.853154 0
6124.853154 0
6121.628345 0
6099.072730 2
6108.735555 0
6102.293027 0
6063.691934 0
6057.267421 2
6050.845477 2
6044.426102 2
6171.685444 0
6170.068275 3
6168.451268 3
6149.059795 2
6184.628616 0
6183.010153 3
6181.391852 1
6183.010153 1
6184.628616 0
6183.010153 3
6181.391852 3
6179.773713 3
6178.155736 3
6129.691578 2
6132.918000 2
6129.691578 2
6139.372781 2
6142.601140 2
6158.752623 1
6160.368660 1
6161.984858 1
6163.601218 1
6165.217740 2
6174.920266 1
6176.537920 1
6178.155736 1
6179.773713 1
6181.391852 0
6145.830144 2
6174.920266 0
6173.302774 3
6171.685444 3
6170.068275 3
6168.451268 3
6166.834423 3
6165.217740 3
6163.601218 3
6161.984858 3
6158.752623 0
6149.059795 2
6147.444889 3
6145.830144 3
6136.145068 0
6132.918000 0
6131.304708 3
6129.691578 3
6120.016182 2
6123.240669 0
6120.016182 1
6121.628345 1
6123.240669 0
6120.016182 0
6097.462823 1
6099.072730 1
6100.682798 1
6102.293027 1
6103.903418 1
6105.513969 1
6107.124682 0
6097.462823 1
6099.072730 1
6100.682798 0
6087.806759 2
6086.197978 3
6084.589359 3
6062.085565 0
6060.479356 3
6058.873308 3
6057.267421 3
6055.661694 3
6054.056128 3
6052.450722 3
6046.030705 2
6044.426102 3
6042.821659 3
6170.068275 0
6150.674862 2
6176.537920 0
6131.304708 2
6134.531453 2
6131.304708 2
6140.986879 2
6144.215561 2
6163.601218 2
6166.834423 2
6176.537920 0
6147.444889 2
6170.068275 0
6166.834423 0
6163.601218 0
6160.368660 0
6157.136747 0
6150.674862 2
6145.830144 2
6128.078609 0
6121.628345 2
6121.628345 0
6121.628345 0
6099.072730 0
6102.293027 0
6095.853076 0
6099.072730 0
6089.415701 2
6057.267421 0
6050.845477 0
6047.635469 2
6168.451268 0
6149.059795 1
6150.674862 1
6152.290091 1
6153.905482 1
6155.521034 2
6158.752623 2
6161.984858 2
6160.368660 3
6158.752623 3
6174.920266 0
6132.918000 1
6134.531453 1
6136.145068 2
6134.531453 3
6132.918000 3
6142.601140 1
6144.215561 1
6145.830144 2
6161.984858 1
6163.601218 1
6165.217740 1
6166.834423 1
6168.451268 1
6170.068275 1
6171.685444 1
6173.302774 1
6174.920266 0
6145.830144 1
6147.444889 1
6149.059795 2
6147.444889 3
6145.830144 3
6168.451268 0
6165.217740 0
6161.984858 0
6158.752623 0
6157.136747 3
6155.521034 0
6153.905482 3
6152.290091 3
6150.674862 3
6149.059795 3
6147.444889 3
6145.830144 3
6144.215561 3
6142.601140 3
6126.465801 0
6124.853154 3
6123.240669 3
6121.628345 3
6120.016182 0
6116.792340 1
6118.404180 1
6120.016182 0
6097.462823 2
6094.243491 1
6095.853076 1
6097.462823 0
6099.072730 1
6100.682798 0
6099.072730 3
6097.462823 3
6094.243491 0
6095.853076 1
6097.462823 0
6091.024803 2
6084.589359 2
6082.980900 3
6081.372602 3
6058.873308 2
6049.240393 1
6050.845477 1
6052.450722 2
6049.240393 2
6047.635469 3
6046.030705 3
6166.834423 0
6150.674862 0
6157.136747 2
6160.368660 2
6163.601218 2
6173.302774 0
6131.304708 0
6137.758843 2
6147.444889 2
6170.068275 0
6173.302774 0
6147.444889 2
6150.674862 2
6163.601218 0
6157.136747 0
6153.905482 0
6150.674862 0
6145.830144 0
6118.404180 0
6099.072730 2
6095.853076 2
6095.853076 0
6094.243491 3
6092.634067 3
6086.197978 2
6060.479356 2
6054.056128 2
6050.845477 2
6165.217740 0
6155.521034 2
6152.290091 2
6158.752623 1
6160.368660 1
6161.984858 1
6163.601218 1
6165.217740 1
6166.834423 1
6168.451268 1
6170.068275 1
6171.685444 0
6129.691578 0
6139.372781 1
6140.986879 1
6142.601140 1
6144.215561 1
6145.830144 1
6147.444889 1
6149.059795 2
6158.752623 1
6160.368660 1
6161.984858 1
6163.601218 1
6165.217740 1
6166.834423 1
6168.451268 0
6171.685444 0
6149.059795 1
6150.674862 1
6152.290091 1
6153.905482 1
6155.521034 1
6157.136747 1
6158.752623 1
6160.368660 1
6161.984858 0
6160.368660 3
6158.752623 3
6155.521034 0
6152.290091 0
6150.674862 3
6149.059795 0
6136.145068 2
6132.918000 2
6100.682798 1
6102.293027 1
6103.903418 2
6102.293027 3
6100.682798 2
6116.792340 0
6115.180661 3
6113.569143 3
6111.957786 3
6110.346590 3
6100.682798 2
6099.072730 3
6097.462823 3
6081.372602 2
6079.764464 3
6078.156488 3
6087.806759 1
6089.415701 1
6091.024803 1
6092.634067 1
6094.243491 0
6091.024803 0
6089.415701 3
6087.806759 3
6058.873308 1
6060.479356 1
6062.085565 2
6052.450722 1
6054.056128 1
6055.661694 2
6054.056128 3
6052.450722 3
6050.845477 3
6049.240393 3
6163.601218 0
6157.136747 2
6155.521034 3
6153.905482 3
6157.136747 0
6163.601218 0
6166.834423 0
6137.758843 0
6140.986879 0
6150.674862 2
6157.136747 0
6150.674862 0
6157.136747 0
6160.368660 0
6157.136747 0
6150.674862 0
6137.758843 2
6134.531453 2
6099.072730 0
6105.513969 2
6102.293027 2
6111.957786 0
6102.293027 2
6095.853076 0
6082.980900 2
6086.197978 0
6089.415701 0
6092.634067 0
6089.415701 0
6063.691934 2
6057.267421 2
6050.845477 0
6047.635469 0
6161.984858 0
6160.368660 3
6158.752623 3
6152.290091 0
6153.905482 1
6155.521034 0
6145.830144 2
6161.984858 0
6165.217740 0
6163.601218 3
6161.984858 3
6132.918000 1
6134.531453 1
6136.145068 0
6137.758843 1
6139.372781 0
6136.145068 2
6152.290091 1
6153.905482 1
6155.521034 0
6145.830144 2
6144.215561 3
6142.601140 3
6140.986879 3
6139.372781 3
6137.758843 3
6136.145068 3
6126.465801 2
6149.059795 0
6152.290091 1
6153.905482 1
6155.521034 0
6157.136747 1
6158.752623 0
6155.521034 0
6145.830144 1
6147.444889 1
6149.059795 0
6142.601140 2
6140.986879 3
6139.372781 3
6137.758843 3
6136.145068 3
6097.462823 0
6107.124682 2
6105.513969 3
6103.903418 3
6107.124682 1
6108.735555 1
6110.346590 0
6108.735555 3
6107.124682 3
6105.513969 3
6103.903418 3
6094.243491 0
6084.589359 1
6086.197978 1
6087.806759 2
6086.197978 3
6084.589359 0
6086.197978 1
6087.806759 0
6091.024803 0
6089.415701 3
6087.806759 0
6086.197978 3
6084.589359 3
6068.512005 2
6066.905154 3
6065.298464 2
6062.085565 2
6058.873308 2
6049.240393 0
6046.030705 0
6160.368660 0
6150.674862 0
6153.905482 0
6147.444889 2
6163.601218 0
6134.531453 0
6137.758843 0
6137.758843 2
6153.905482 0
6147.444889 2
6134.531453 0
6128.078609 2
6152.290091 0
6157.136747 0
6147.444889 2
6147.444889 0
6145.830144 3
6144.215561 3
6137.758843 0
6108.735555 2
6102.293027 0
6108.735555 0
6102.293027 0
6095.853076 2
6089.415701 2
6086.197978 2
6087.806759 0
6082.980900 0
6070.119017 2
6066.905154 2
6063.691934 2
6060.479356 2
6047.635469 0
6044.426102 0
6158.752623 0
6149.059795 2
6149.059795 0
6150.674862 1
6152.290091 0
6149.059795 1
6150.674862 1
6152.290091 2
6161.984858 0
6152.290091 2
6150.674862 3
6149.059795 2
6132.918000 0
6136.145068 0
6137.758843 1
6139.372781 1
6140.986879 1
6142.601140 2
6152.290091 0
6150.674862 3
6149.059795 3
6126.465801 1
6128.078609 1
6129.691578 1
6131.304708 1
6132.918000 0
6131.304708 3
6129.691578 3
6128.078609 3
6126.465801 3
6124.853154 3
6123.240669 3
6152.290091 1
6153.905482 1
6155.521034 0
6153.905482 3
6152.290091 3
6150.674862 3
6149.059795 3
6145.830144 0
6142.601140 0
6136.145068 0
6134.531453 3
6132.918000 3
6113.569143 2
6111.957786 3
6110.346590 3
6100.682798 0
6102.293027 1
6103.903418 1
6105.513969 1
6107.124682 0
6105.513969 3
6103.903418 3
6102.293027 3
6100.682798 0
6099.072730 3
6097.462823 3
6095.853076 3
6094.243491 3
6092.634067 3
6091.024803 3
6089.415701 3
6087.806759 3
6086.197978 3
6084.589359 3
6084.589359 1
6086.197978 0
6084.589359 3
6081.372602 0
6071.726190 2
6068.512005 2
6066.905154 3
6065.298464 2
6063.691934 3
6062.085565 3
6046.030705 0
6044.426102 3
6042.821659 0
6157.136747 0
6150.674862 2
6147.444889 0
6150.674862 0
6150.674862 2
6153.905482 2
6160.368660 0
6153.905482 2
6150.674862 2
6144.215561 2
6150.674862 0
6113.569143 2
6131.304708 0
6128.078609 0
6121.628345 0
6147.444889 0
6144.215561 0
6140.986879 0
6134.531453 0
6115.180661 2
6099.072730 0
6092.634067 0
6089.415701 0
6082.980900 0
6082.980900 0
6082.980900 0
6079.764464 0
6073.333523 2
6070.119017 2
6066.905154 2
6155.521034 0
6153.905482 3
6152.290091 3
6150.674862 3
6149.059795 3
6149.059795 0
6150.674862 1
6152.290091 1
6153.905482 1
6155.521034 1
6157.136747 1
6158.752623 0
6157.136747 3
6155.521034 3
6153.905482 3
6152.290091 3
6142.601140 2
6139.372781 1
6140.986879 1
6142.601140 1
6144.215561 1
6145.830144 1
6147.444889 1
6149.059795 0
6113.569143 1
6115.180661 1
6116.792340 2
6113.569143 2
6129.691578 0
6126.465801 0
6124.853154 3
6123.240669 3
6120.016182 0
6118.404180 3
6116.792340 3
6115.180661 3
6113.569143 3
6111.957786 3
6110.346590 3
6145.830144 0
6144.215561 3
6142.601140 0
6140.986879 3
6139.372781 0
6137.758843 3
6136.145068 3
6113.569143 2
6116.792340 2
6113.569143 2
6111.957786 3
6110.346590 3
6087.806759 1
6089.415701 1
6091.024803 1
6092.634067 1
6094.243491 1
6095.853076 1
6097.462823 0
6087.806759 2
6091.024803 0
6087.806759 0
6078.156488 1
6079.764464 1
6081.372602 0
6081.372602 0
6079.764464 1
6081.372602 0
6079.764464 3
6078.156488 0
6076.548672 3
6074.941017 3
6073.333523 3
6071.726190 3
6070.119017 3
6068.512005 3
6066.905154 3
6065.298464 3
6042.821659 1
6044.426102 1
6046.030705 2
6150.674862 0
6147.444889 0
6150.674862 0
6157.136747 0
6153.905482 0
6144.215561 2
6140.986879 0
6144.215561 0
6147.444889 0
6118.404180 2
6115.180661 2
6128.078609 0
6124.853154 0
6111.957786 0
6108.735555 0
6144.215561 0
6137.758843 0
6134.531453 0
6115.180661 2
6118.404180 2
6115.180661 2
6095.853076 0
6089.415701 2
6086.197978 0
6076.548672 0
6079.764464 0
6079.764464 0
6079.764464 0
6070.119017 0
6047.635469 2
6145.830144 1
6147.444889 1
6149.059795 0
6139.372781 2
6145.830144 0
6149.059795 0
6147.444889 3
6145.830144 3
6155.521034 0
6152.290091 0
6150.674862 3
6149.059795 3
6147.444889 3
6145.830144 3
6136.145068 2
6139.372781 0
6142.601140 0
6145.830144 0
6123.240669 2
6120.016182 2
6118.404180 3
6116.792340 3
6126.465801 0
6124.853154 3
6123.240669 0
6113.569143 2
6103.903418 1
6105.513969 1
6107.124682 1
6108.735555 1
6110.346590 0
6108.735555 3
6107.124682 0
6142.601140 0
6140.986879 3
6139.372781 3
6137.758843 3
6136.145068 0
6132.918000 0
6116.792340 1
6118.404180 1
6120.016182 2
6118.404180 3
6116.792340 3
6094.243491 1
6095.853076 1
6097.462823 2
6094.243491 2
6091.024803 2
6094.243491 0
6092.634067 3
6091.024803 3
6089.415701 3
6087.806759 3
6084.589359 0
6074.941017 0
6076.548672 1
6078.156488 0
6078.156488 0
6076.548672 1
6078.156488 0
6055.661694 2
6065.298464 1
6066.905154 1
6068.512005 0
6058.873308 2
6055.661694 2
6052.450722 2
6049.240393 2
6147.444889 0
6140.986879 2
6147.444889 0
6144.215561 0
6137.758843 2
6140.986879 0
6139.372781 3
6124.853154 2
6121.628345 2
6121.628345 0
6115.180661 2
6103.903418 0
6108.735555 0
6105.513969 0
6131.304708 0
6121.628345 2
6099.072730 2
6095.853076 2
6092.634067 2
6092.634067 0
6089.415701 0
6082.980900 0
6076.548672 0
6076.548672 0
6057.267421 2
6066.905154 0
6060.479356 2
6057.267421 2
6054.056128 2
6050.845477 2
6142.601140 1
6144.215561 1
6145.830144 0
6144.215561 3
6142.601140 3
6126.465801 2
6123.240669 2
6121.628345 3
6120.016182 3
6120.016182 1
6121.628345 1
6123.240669 2
6145.830144 0
6144.215561 3
6142.601140 0
6140.986879 3
6139.372781 3
6137.758843 3
6136.145068 1
6137.758843 1
6139.372781 0
6129.691578 2
6128.078609 3
6126.465801 3
6124.853154 3
6123.240669 3
6113.569143 2
6116.792340 1
6118.404180 1
6120.016182 0
6118.404180 3
6116.792340 3
6107.124682 2
6103.903418 2
6107.124682 0
6105.513969 3
6103.903418 0
6120.016182 1
6121.628345 1
6123.240669 1
6124.853154 1
6126.465801 1
6128.078609 1
6129.691578 0
6128.078609 3
6126.465801 3
6124.853154 3
6123.240669 3
6121.628345 3
6120.016182 3
6097.462823 1
6099.072730 1
6100.682798 2
6099.072730 3
6097.462823 3
6095.853076 3
6094.243491 2
6091.024803 0
6087.806759 0
6086.197978 3
6084.589359 3
6081.372602 0
6071.726190 1
6073.333523 1
6074.941017 0
6073.333523 1
6074.941017 0
6073.333523 3
6071.726190 3
6058.873308 1
6060.479356 1
6062.085565 1
6063.691934 1
6065.298464 0
6063.691934 3
6062.085565 3
6060.479356 3
6058.873308 3
6057.267421 3
6055.661694 3
6054.056128 3
6052.450722 3
6144.215561 0
6140.986879 0
6128.078609 2
6124.853154 2
6124.853154 2
6137.758843 0
6137.758843 0
6131.304708 2
6121.628345 0
6115.180661 2
6115.180661 0
6118.404180 0
6108.735555 2
6107.124682 3
6105.513969 3
6105.513969 0
6118.404180 0
6121.628345 0
6128.078609 0
6124.853154 0
6121.628345 0
6118.404180 0
6102.293027 2
6095.853076 2
6092.634067 2
6089.415701 2
6082.980900 2
6070.119017 0
6063.691934 0
6057.267421 0
6050.845477 0
6139.372781 1
6140.986879 1
6142.601140 0
6140.986879 3
6139.372781 0
6129.691578 2
6126.465801 2
6120.016182 1
6121.628345 1
6123.240669 1
6124.853154 1
6126.465801 1
6128.078609 1
6129.691578 1
6131.304708 1
6132.918000 1
6134.531453 1
6136.145068 0
6132.918000 1
6134.531453 1
6136.145068 0
6134.531453 3
6132.918000 3
6116.792340 2
6120.016182 0
6118.404180 3
6116.792340 3
6113.569143 0
6116.792340 0
6115.180661 3
6113.569143 3
6111.957786 3
6110.346590 3
6103.903418 0
6102.293027 1
6103.903418 0
6102.293027 3
6100.682798 3
6116.792340 0
6120.016182 0
6123.240669 1
6124.853154 1
6126.465801 0
6123.240669 0
6121.628345 3
6120.016182 0
6116.792340 0
6115.180661 3
6113.569143 3
6103.903418 2
6100.682798 2
6099.072730 3
6097.462823 3
6095.853076 3
6094.243491 2
6092.634067 3
6091.024803 3
6089.415701 3
6087.806759 3
6086.197978 3
6084.589359 3
6082.980900 3
6081.372602 3
6079.764464 3
6078.156488 3
6076.548672 3
6074.941017 3
6073.333523 3
6071.726190 3
6055.661694 1
6057.267421 1
6058.873308 1
6060.479356 1
6062.085565 0
6052.450722 1
6054.056128 1
6055.661694 0
6054.056128 3
6052.450722 3
6049.240393 0
6137.758843 0
6140.986879 0
6131.304708 2
6128.078609 2
6121.628345 0
6124.853154 0
6134.531453 0
6134.531453 0
6116.792340 1
6118.404180 2
6115.180661 0
6113.569143 0
6108.735555 0
6102.293027 0
6115.180661 0
6118.404180 0
6111.957786 0
6105.513969 2
6102.293027 2
6095.853076 2
6086.197978 0
6082.980900 0
6076.548672 0
6073.333523 0
6070.119017 0
6060.479356 0
6047.635469 0
6136.145068 0
6137.758843 1
6139.372781 0
6137.758843 3
6136.145068 3
6134.531453 3
6132.918000 3
6131.304708 3
6129.691578 3
6128.078609 3
6126.465801 3
6120.016182 0
6123.240669 0
6100.682798 2
6103.903418 2
6132.918000 0
6131.304708 3
6129.691578 3
6132.918000 0
6123.240669 2
6120.016182 2
6110.346590 1
6111.957786 1
6113.569143 0
6111.957786 3
6110.346590 3
6108.735555 3
6107.124682 3
6097.462823 2
6107.124682 0
6100.682798 0
6099.072730 3
6097.462823 3
6095.853076 3
6094.243491 3
6113.569143 0
6111.957786 3
6110.346590 3
6108.735555 3
6107.124682 3
6097.462823 2
6113.569143 1
6115.180661 1
6116.792340 0
6115.180661 3
6113.569143 3
6110.346590 0
6108.735555 3
6107.124682 3
6105.513969 3
6103.903418 3
6102.293027 3
6100.682798 3
6099.072730 3
6097.462823 3
6081.372602 1
6082.980900 1
6084.589359 0
6081.372602 0
6058.873308 2
6074.941017 0
6071.726190 0
6068.512005 0
6066.905154 3
6065.298464 3
6063.691934 3
6062.085565 3
6060.479356 3
6058.873308 0
6057.267421 3
6055.661694 3
6046.030705 2
6042.821659 2
6046.030705 0
6134.531453 0
6134.531453 0
6128.078609 0
6102.293027 2
6105.513969 2
6131.304708 0
6131.304708 0
6124.853154 2
6121.628345 2
6108.735555 0
6108.735555 0
6099.072730 2
6105.513969 0
6099.072730 0
6095.853076 0
6097.462823 2
6108.735555 0
6099.072730 2
6111.957786 0
6108.735555 0
6100.682798 0
6095.853076 0
6079.764464 0
6082.980900 0
6081.372602 3
6079.764464 0
6060.479356 2
6073.333523 0
6070.119017 0
6057.267421 0
6047.635469 2
6044.426102 2
6044.426102 0
6132.918000 0
6129.691578 1
6131.304708 1
6132.918000 0
6123.240669 1
6124.853154 1
6126.465801 0
6124.853154 3
6123.240669 3
6121.628345 3
6120.016182 3
6118.404180 3
6116.792340 3
6103.903418 1
6105.513969 1
6107.124682 2
6129.691578 0
6126.465801 1
6128.078609 1
6129.691578 0
6128.078609 3
6126.465801 3
6124.853154 3
6123.240669 3
6107.124682 0
6103.903418 1
6105.513969 1
6107.124682 0
6105.513969 3
6103.903418 3
6102.293027 3
6100.682798 3
6103.903418 0
6102.293027 3
6100.682798 3
6094.243491 0
6097.462823 1
6099.072730 1
6100.682798 2
6107.124682 0
6105.513969 3
6103.903418 3
6102.293027 3
6100.682798 3
6091.024803 2
6089.415701 3
6087.806759 3
6110.346590 0
6107.124682 0
6094.243491 1
6095.853076 1
6097.462823 1
6099.072730 0
6097.462823 3
6094.243491 0
6078.156488 0
6081.372602 0
6078.156488 0
6062.085565 2
6071.726190 0
6068.512005 0
6052.450722 2
6042.821659 1
6044.426102 1
6046.030705 2
6055.661694 0
6054.056128 3
6052.450722 3
6050.845477 3
6049.240393 3
6047.635469 3
6046.030705 3
6044.426102 3
6042.821659 0
6128.078609 0
6131.304708 0
6124.853154 2
6121.628345 0
6115.180661 0
6108.735555 2
6124.853154 0
6128.078609 0
6124.853154 0
6107.124682 1
6108.735555 2
6105.513969 0
6102.293027 0
6099.072730 0
6091.024803 2
6102.293027 1
6103.903418 1
6105.513969 0
6102.293027 0
6092.634067 2
6108.735555 0
6095.853076 0
6063.691934 2
6070.119017 0
6054.056128 2
6047.635469 2
6054.056128 0
6047.635469 0
6044.426102 0
6041.217377 0
6123.240669 1
6124.853154 1
6126.465801 0
6129.691578 0
6128.078609 3
6126.465801 3
6116.792340 1
6118.404180 1
6120.016182 0
6118.404180 3
6116.792340 3
6115.180661 3
6113.569143 0
6107.124682 2
6110.346590 2
6120.016182 1
6121.628345 1
6123.240669 0
6126.465801 0
6124.853154 3
6123.240669 0
6113.569143 2
6110.346590 2
6100.682798 1
6102.293027 1
6103.903418 0
6102.293027 3
6100.682798 0
6097.462823 2
6087.806759 2
6097.462823 0
6095.853076 3
6094.243491 3
6092.634067 3
6091.024803 3
6100.682798 0
6103.903418 0
6100.682798 0
6099.072730 3
6097.462823 3
6095.853076 3
6094.243491 3
6103.903418 1
6105.513969 1
6107.124682 0
6105.513969 3
6103.903418 3
6102.293027 3
6100.682798 3
6091.024803 1
6092.634067 1
6094.243491 0
6078.156488 2
6068.512005 1
6070.119017 1
6071.726190 2
6068.512005 2
6065.298464 2
6068.512005 0
6058.873308 2
6055.661694 2
6054.056128 3
6052.450722 3
6050.845477 3
6049.240393 1
6050.845477 1
6052.450722 0
6050.845477 3
6049.240393 3
6046.030705 0
6044.426102 3
6042.821659 0
6041.217377 3
6039.613256 0
6121.628345 0
6126.465801 0
6118.404180 0
6111.957786 0
6108.735555 2
6111.957786 2
6121.628345 0
6121.628345 0
6115.180661 2
6111.957786 2
6102.293027 2
6099.072730 2
6089.415701 2
6095.853076 0
6099.072730 0
6099.072730 0
6092.634067 0
6105.513969 0
6100.682798 0
6092.634067 0
6079.764464 2
6073.333523 2
6070.119017 2
6066.905154 2
6066.905154 0
6060.479356 2
6057.267421 2
6050.845477 0
6041.217377 0
6120.016182 0
6081.372602 1
6082.980900 1
6084.589359 2
6087.806759 1
6089.415701 1
6091.024803 2
6116.792340 0
6115.180661 3
6113.569143 3
6110.346590 0
6108.735555 1
6110.346590 1
6111.957786 1
6113.569143 1
6115.180661 1
6116.792340 1
6118.404180 1
6120.016182 0
6118.404180 3
6116.792340 1
6118.404180 1
6120.016182 0
6118.404180 3
6116.792340 3
6115.180661 3
6113.569143 3
6111.957786 3
6110.346590 3
6108.735555 3
6107.124682 3
6105.513969 3
6103.903418 3
6102.293027 3
6100.682798 3
6091.024803 1
6092.634067 1
6094.243491 0
6084.589359 2
6087.806759 2
6097.462823 0
6094.243491 1
6095.853076 1
6097.462823 0
6087.806759 1
6089.415701 1
6091.024803 0
6092.634067 1
6094.243491 2
6103.903418 0
6102.293027 3
6100.682798 3
6084.589359 1
6086.197978 1
6087.806759 1
6089.415701 1
6091.024803 0
6081.372602 2
6078.156488 2
6076.548672 3
6074.941017 3
6073.333523 3
6071.726190 3
6070.119017 3
6068.512005 3
6066.905154 3
6065.298464 0
6063.691934 3
6062.085565 3
6060.479356 3
6058.873308 3
6042.821659 1
6044.426102 1
6046.030705 1
6047.635469 1
6049.240393 0
6033.198373 1
6034.801853 1
6036.405493 1
6038.009294 1
6039.613256 0
6038.009294 3
6036.405493 3
6118.404180 0
6116.792340 3
6086.197978 2
6089.415701 2
6092.634067 2
6111.957786 0
6118.404180 0
6115.180661 0
6115.180661 0
6102.293027 0
6092.634067 0
6086.197978 2
6089.415701 2
6095.853076 0
6092.634067 2
6095.853076 2
6102.293027 0
6086.197978 0
6089.415701 0
6082.980900 2
6079.764464 2
6066.905154 0
6063.691934 0
6058.873308 0
6047.635469 2
6034.801853 0
6038.009294 0
6034.801853 0
6116.792340 0
6084.589359 1
6086.197978 1
6087.806759 1
6089.415701 1
6091.024803 1
6092.634067 1
6094.243491 1
6095.853076 1
6097.462823 1
6099.072730 1
6100.682798 1
6102.293027 1
6103.903418 1
6105.513969 1
6107.124682 1
6108.735555 1
6110.346590 0
6113.569143 1
6115.180661 1
6116.792340 0
6113.569143 0
6111.957786 3
6110.346590 1
6111.957786 1
6113.569143 0
6111.957786 3
6110.346590 3
6087.806759 2
6097.462823 1
6099.072730 1
6100.682798 0
6099.072730 3
6097.462823 3
6095.853076 3
6094.243491 3
6092.634067 3
6091.024803 0
6089.415701 3
6087.806759 1
6089.415701 1
6091.024803 1
6092.634067 1
6094.243491 0
6071.726190 1
6073.333523 1
6074.941017 2
6091.024803 1
6092.634067 1
6094.243491 1
6095.853076 1
6097.462823 1
6099.072730 1
6100.682798 0
6099.072730 3
6097.462823 3
6081.372602 1
6082.980900 1
6084.589359 0
6087.806759 0
6086.197978 3
6084.589359 3
6082.980900 3
6081.372602 3
6065.298464 1
6066.905154 1
6068.512005 2
6066.905154 3
6065.298464 0
6062.085565 0
6060.479356 3
6058.873308 3
6057.267421 0
6055.661694 3
6052.450722 2
6050.845477 3
6049.240393 3
6047.635469 2
6046.030705 3
6036.405493 2
6034.801853 3
6033.198373 0
6036.405493 0
6033.198373 0
6115.180661 0
6092.634067 0
6111.957786 0
6115.180661 0
6111.957786 0
6089.415701 2
6095.853076 0
6099.072730 0
6091.024803 0
6087.806759 0
6092.634067 0
6076.548672 2
6092.634067 0
6099.072730 0
6082.980900 0
6086.197978 0
6082.980900 0
6070.119017 2
6065.298464 2
6054.056128 2
6049.240393 2
6038.009294 2
6031.595053 0
6113.569143 0
6111.957786 3
6110.346590 3
6084.589359 1
6086.197978 1
6087.806759 1
6089.415701 1
6091.024803 0
6084.589359 1
6086.197978 1
6087.806759 2
6094.243491 1
6095.853076 1
6097.462823 1
6099.072730 1
6100.682798 2
6110.346590 0
6113.569143 0
6110.346590 0
6108.735555 3
6107.124682 3
6078.156488 2
6087.806759 1
6089.415701 1
6091.024803 1
6092.634067 1
6094.243491 0
6097.462823 0
6084.589359 1
6086.197978 1
6087.806759 1
6089.415701 0
6087.806759 3
6086.197978 3
6084.589359 1
6086.197978 0
6087.806759 1
6089.415701 1
6091.024803 0
6074.941017 1
6076.548672 1
6078.156488 2
6087.806759 1
6089.415701 1
6091.024803 0
6087.806759 2
6097.462823 0
6095.853076 3
6094.243491 3
6084.589359 2
6081.372602 0
6082.980900 1
6084.589359 0
6082.980900 3
6081.372602 0
6079.764464 3
6078.156488 3
6076.548672 3
6074.941017 3
6073.333523 3
6071.726190 3
6070.119017 3
6068.512005 3
6066.905154 3
6065.298464 3
6063.691934 3
6062.085565 3
6060.479356 3
6058.873308 3
6057.267421 3
6055.661694 3
6054.056128 3
6052.450722 3
6050.845477 3
6049.240393 3
6039.613256 2
6038.009294 3
6036.405493 2
6034.801853 3
6033.198373 3
6031.595053 3
6029.991893 0
6111.957786 0
6089.415701 2
6092.634067 0
6095.853076 0
6102.293027 2
6108.735555 0
6108.735555 0
6105.513969 0
6079.764464 2
6086.197978 0
6089.415701 0
6092.634067 0
6082.980900 0
6086.197978 0
6086.197978 0
6089.415701 0
6087.806759 3
6079.764464 2
6086.197978 0
6089.415701 0
6089.415701 2
6095.853076 0
6086.197978 2
6082.980900 2
6082.980900 0
6079.764464 0
6073.333523 0
6070.119017 0
6066.905154 0
6063.691934 0
6060.479356 0
6050.845477 0
6041.217377 2
6038.009294 2
6031.595053 0
6028.388894 0
6110.346590 0
6108.735555 3
6107.124682 3
6105.513969 3
6103.903418 3
6102.293027 3
6100.682798 3
6099.072730 3
6097.462823 3
6095.853076 3
6094.243491 3
6092.634067 3
6091.024803 3
6089.415701 1
6091.024803 0
6094.243491 0
6103.903418 1
6105.513969 1
6107.124682 0
6105.513969 3
6103.903418 1
6105.513969 1
6107.124682 0
6103.903418 0
6081.372602 1
6082.980900 1
6084.589359 0
6087.806759 0
6089.415701 1
6091.024803 0
6078.156488 1
6079.764464 1
6081.372602 0
6084.589359 0
6084.589359 0
6074.941017 2
6084.589359 1
6086.197978 1
6087.806759 0
6078.156488 1
6079.764464 1
6081.372602 1
6082.980900 1
6084.589359 0
6086.197978 1
6087.806759 0
6089.415701 1
6091.024803 1
6092.634067 1
6094.243491 0
6092.634067 3
6091.024803 3
6089.415701 3
6087.806759 3
6086.197978 3
6084.589359 3
6082.980900 3
6081.372602 0
6078.156488 0
6076.548672 3
6074.941017 3
6071.726190 0
6068.512005 0
6065.298464 0
6062.085565 0
6058.873308 0
6057.267421 3
6055.661694 3
6046.030705 2
6049.240393 0
6047.635469 3
6046.030705 3
6044.426102 3
6042.821659 3
6041.217377 3
6039.613256 3
6029.991893 0
6026.786055 0
6105.513969 0
6102.293027 0
6095.853076 0
6089.415701 0
6102.293027 0
6102.293027 0
6079.764464 0
6082.980900 0
6055.661694 2
6076.548672 2
6082.980900 0
6086.197978 0
6082.980900 0
6086.197978 0
6089.415701 0
6082.980900 0
6079.764464 0
6076.548672 0
6073.333523 0
6071.726190 3
6066.905154 0
6063.691934 0
6054.056128 0
6047.635469 2
6041.217377 0
6025.183377 0
6100.682798 1
6102.293027 1
6103.903418 0
6100.682798 0
6099.072730 3
6097.462823 3
6094.243491 0
6084.589359 1
6086.197978 1
6087.806759 0
6086.197978 1
6087.806759 1
6089.415701 1
6091.024803 2
6100.682798 0
6099.072730 3
6097.462823 1
6099.072730 1
6100.682798 0
6071.726190 1
6073.333523 1
6074.941017 1
6076.548672 1
6078.156488 0
6079.764464 1
6081.372602 0
6079.764464 3
6078.156488 3
6076.548672 3
6074.941017 3
6073.333523 3
6071.726190 3
6055.661694 2
6058.873308 2
6057.267421 3
6055.661694 3
6078.156488 1
6079.764464 1
6081.372602 0
6084.589359 0
6082.980900 3
6081.372602 3
6079.764464 3
6078.156488 1
6079.764464 1
6081.372602 0
6084.589359 0
6082.980900 3
6081.372602 3
6084.589359 1
6086.197978 1
6087.806759 0
6086.197978 3
6084.589359 3
6081.372602 0
6078.156488 0
6074.941017 0
6071.726190 0
6062.085565 1
6063.691934 1
6065.298464 0
6062.085565 0
6046.030705 1
6047.635469 1
6049.240393 1
6050.845477 1
6052.450722 0
6050.845477 3
6049.240393 3
6047.635469 3
6046.030705 3
6036.405493 1
6038.009294 1
6039.613256 0
6038.009294 3
6036.405493 3
6020.376302 1
6021.978500 1
6023.580858 0
6099.072730 0
6099.072730 0
6095.853076 0
6094.243491 3
6092.634067 0
6082.980900 0
6086.197978 0
6092.634067 2
6099.072730 0
6095.853076 0
6099.072730 0
6073.333523 0
6076.548672 0
6079.764464 0
6073.333523 0
6057.267421 2
6060.479356 2
6082.980900 0
6079.764464 0
6076.548672 0
6079.764464 0
6081.372602 1
6082.980900 0
6079.764464 0
6086.197978 0
6082.980900 0
6079.764464 0
6076.548672 0
6070.119017 0
6060.479356 0
6044.426102 0
6050.845477 0
6034.801853 0
6034.801853 0
6021.978500 0
6097.462823 0
6094.243491 1
6095.853076 1
6097.462823 0
6094.243491 0
6091.024803 0
6081.372602 0
6084.589359 0
6091.024803 1
6092.634067 1
6094.243491 1
6095.853076 1
6097.462823 0
6094.243491 0
6097.462823 0
6068.512005 1
6070.119017 1
6071.726190 0
6074.941017 0
6078.156488 0
6062.085565 2
6071.726190 0
6070.119017 3
6068.512005 3
6058.873308 1
6060.479356 1
6062.085565 1
6063.691934 1
6065.298464 2
6074.941017 1
6076.548672 1
6078.156488 1
6079.764464 1
6081.372602 0
6078.156488 0
6074.941017 0
6078.156488 0
6081.372602 0
6078.156488 0
6081.372602 1
6082.980900 1
6084.589359 0
6081.372602 0
6078.156488 0
6074.941017 0
6065.298464 1
6066.905154 1
6068.512005 0
6052.450722 1
6054.056128 1
6055.661694 1
6057.267421 1
6058.873308 0
6042.821659 0
6041.217377 3
6039.613256 2
6049.240393 0
6026.786055 1
6028.388894 1
6029.991893 1
6031.595053 1
6033.198373 0
6029.991893 1
6031.595053 1
6033.198373 0
6017.172387 1
6018.774265 1
6020.376302 0
6092.634067 0
6095.853076 0
6089.415701 0
6089.415701 0
6095.853076 0
6066.905154 0
6070.119017 0
6068.512005 3
6076.548672 0
6063.691934 2
6070.119017 0
6060.479356 2
6063.691934 2
6066.905154 2
6076.548672 0
6073.333523 0
6076.548672 0
6076.548672 0
6079.764464 0
6076.548672 0
6066.905154 2
6066.905154 0
6050.845477 0
6054.056128 0
6041.217377 0
6041.217377 2
6047.635469 0
6031.595053 0
6031.595053 0
6015.570670 0
6087.806759 1
6089.415701 1
6091.024803 0
6094.243491 0
6084.589359 2
6087.806759 0
6081.372602 1
6082.980900 1
6084.589359 1
6086.197978 1
6087.806759 0
6091.024803 1
6092.634067 1
6094.243491 0
6092.634067 3
6091.024803 3
6074.941017 2
6065.298464 0
6068.512005 0
6071.726190 1
6073.333523 1
6074.941017 0
6065.298464 1
6066.905154 1
6068.512005 0
6066.905154 3
6065.298464 3
6062.085565 1
6063.691934 1
6065.298464 1
6066.905154 1
6068.512005 1
6070.119017 1
6071.726190 1
6073.333523 1
6074.941017 0
6065.298464 1
6066.905154 1
6068.512005 1
6070.119017 1
6071.726190 0
6073.333523 1
6074.941017 0
6073.333523 3
6071.726190 3
6074.941017 0
6076.548672 1
6078.156488 0
6076.548672 3
6074.941017 3
6071.726190 1
6073.333523 1
6074.941017 0
6073.333523 3
6071.726190 3
6070.119017 3
6068.512005 3
6065.298464 0
6049.240393 0
6052.450722 0
6036.405493 1
6038.009294 1
6039.613256 0
6041.217377 1
6042.821659 1
6044.426102 1
6046.030705 0
6044.426102 3
6042.821659 3
6041.217377 3
6039.613256 3
6029.991893 0
6026.786055 1
6028.388894 1
6029.991893 0
6013.969113 0
6012.367716 3
6010.766479 3
6086.197978 0
6089.415701 0
6091.024803 1
6092.634067 0
6086.197978 2
6079.764464 0
6082.980900 0
6086.197978 0
6092.634067 0
6076.548672 2
6070.119017 0
6073.333523 0
6066.905154 0
6063.691934 0
6060.479356 0
6063.691934 0
6070.119017 0
6073.333523 0
6066.905154 0
6070.119017 0
6070.119017 0
6074.941017 0
6073.333523 0
6070.119017 0
6066.905154 0
6047.635469 0
6050.845477 0
6041.217377 0
6044.426102 0
6041.217377 0
6023.580858 1
6025.183377 0
6012.367716 0
6009.165403 0
6084.589359 0
6087.806759 0
6091.024803 0
6089.415701 3
6087.806759 3
6074.941017 1
6076.548672 1
6078.156488 0
6079.764464 1
6081.372602 0
6084.589359 0
6086.197978 1
6087.806759 1
6089.415701 1
6091.024803 0
6089.415701 3
6087.806759 3
6078.156488 2
6076.548672 3
6074.941017 3
6065.298464 1
6066.905154 1
6068.512005 0
6070.119017 1
6071.726190 0
6049.240393 2
6065.298464 0
6062.085565 0
6060.479356 3
6058.873308 0
6060.479356 1
6062.085565 0
6060.479356 3
6058.873308 3
6068.512005 0
6071.726190 0
6062.085565 1
6063.691934 1
6065.298464 0
6068.512005 0
6066.905154 3
6065.298464 3
6068.512005 0
6066.905154 3
6065.298464 3
6068.512005 1
6070.119017 1
6071.726190 0
6062.085565 1
6063.691934 1
6065.298464 1
6066.905154 1
6068.512005 0
6066.905154 3
6065.298464 0
6063.691934 3
6062.085565 3
6046.030705 0
6049.240393 0
6047.635469 3
6046.030705 3
6036.405493 1
6038.009294 1
6039.613256 0
6042.821659 0
6041.217377 3
6039.613256 0
6038.009294 3
6036.405493 3
6034.801853 3
6033.198373 3
6023.580858 0
6021.978500 3
6020.376302 3
6010.766479 0
6007.564486 0
6082.980900 0
6084.589359 1
6086.197978 0
6076.548672 0
6082.980900 0
6089.415701 0
6079.764464 2
6070.119017 0
6050.845477 2
6060.479356 0
6057.267421 0
6060.479356 0
6070.119017 0
6063.691934 0
6066.905154 0
6063.691934 0
6063.691934 0
6060.479356 0
6063.691934 0
6055.661694 2
6046.030705 1
6047.635469 0
6038.009294 0
6038.009294 0
6034.801853 0
6021.978500 0
6018.774265 0
6012.367716 2
6005.963730 0
6081.372602 0
6084.589359 0
6065.298464 1
6066.905154 1
6068.512005 1
6070.119017 1
6071.726190 1
6073.333523 1
6074.941017 0
6078.156488 1
6079.764464 1
6081.372602 0
6084.589359 1
6086.197978 1
6087.806759 0
6086.197978 3
6084.589359 3
6082.980900 3
6081.372602 3
6079.764464 3
6078.156488 3
6076.548672 3
6074.941017 3
6058.873308 2
6068.512005 0
6052.450722 1
6054.056128 1
6055.661694 1
6057.267421 1
6058.873308 0
6055.661694 0
6058.873308 0
6057.267421 3
6055.661694 3
6065.298464 1
6066.905154 1
6068.512005 0
6066.905154 3
6065.298464 3
6062.085565 0
6063.691934 1
6065.298464 0
6063.691934 3
6062.085565 0
6058.873308 1
6060.479356 1
6062.085565 0
6052.450722 1
6054.056128 1
6055.661694 1
6057.267421 1
6058.873308 0
6049.240393 1
6050.845477 1
6052.450722 2
6062.085565 0
6060.479356 3
6058.873308 3
6057.267421 3
6055.661694 3
6046.030705 0
6029.991893 1
6031.595053 1
6033.198373 1
6034.801853 1
6036.405493 0
6029.991893 2
6036.405493 0
6033.198373 0
6031.595053 3
6029.991893 3
6020.376302 0
6017.172387 0
6013.969113 2
6004.363133 0
6082.980900 0
6068.512005 0
6073.333523 0
6076.548672 0
6079.764464 0
6086.197978 0
6082.980900 0
6079.764464 0
6073.333523 0
6060.479356 2
6052.450722 2
6054.056128 0
6054.056128 0
6057.267421 0
6063.691934 0
6063.691934 0
6050.845477 0
6054.056128 0
6057.267421 0
6054.056128 2
6060.479356 0
6054.056128 0
6044.426102 0
6028.388894 0
6031.595053 0
6034.801853 0
6033.198373 3
6031.595053 3
6031.595053 0
6028.388894 0
6015.570670 2
6002.762697 0
6078.156488 1
6079.764464 1
6081.372602 0
6079.764464 3
6078.156488 3
6068.512005 2
6066.905154 0
6068.512005 1
6070.119017 1
6071.726190 0
6073.333523 1
6074.941017 0
6078.156488 0
6081.372602 1
6082.980900 1
6084.589359 0
6081.372602 0
6078.156488 0
6068.512005 1
6070.119017 1
6071.726190 0
6062.085565 2
6052.450722 1
6054.056128 1
6055.661694 2
6052.450722 0
6049.240393 1
6050.845477 1
6052.450722 0
6054.056128 1
6055.661694 0
6054.056128 3
6052.450722 3
6050.845477 3
6049.240393 2
6058.873308 1
6060.479356 1
6062.085565 0
6026.786055 2
6062.085565 0
6033.198373 2
6036.405493 2
6046.030705 1
6047.635469 1
6049.240393 0
6052.450722 0
6055.661694 0
6054.056128 3
6052.450722 1
6054.056128 1
6055.661694 1
6057.267421 1
6058.873308 0
6057.267421 3
6055.661694 3
6054.056128 3
6052.450722 0
6042.821659 0
6026.786055 0
6029.991893 0
6031.595053 1
6033.198373 0
6029.991893 0
6028.388894 3
6026.786055 1
6028.388894 1
6029.991893 0
6028.388894 3
6026.786055 0
6025.183377 3
6023.580858 3
6021.978500 3
6020.376302 3
6018.774265 3
6017.172387 3
6001.162421 0
6079.764464 0
6070.119017 2
6071.726190 2
6079.764464 0
6082.980900 0
6079.764464 0
6078.156488 3
6076.548672 0
6070.119017 2
6063.691934 2
6057.267421 2
6050.845477 0
6050.845477 0
6050.845477 2
6057.267421 0
6060.479356 0
6028.388894 2
6034.801853 2
6038.009294 2
6044.426102 0
6047.635469 0
6050.845477 0
6057.267421 0
6050.845477 0
6025.183377 0
6028.388894 0
6018.774265 0
5999.562304 0
6074.941017 1
6076.548672 1
6078.156488 0
6076.548672 3
6074.941017 3
6073.333523 3
6071.726190 3
6065.298464 1
6066.905154 1
6068.512005 1
6070.119017 1
6071.726190 1
6073.333523 1
6074.941017 1
6076.548672 1
6078.156488 0
6081.372602 0
6078.156488 0
6074.941017 0
6073.333523 3
6071.726190 3
6070.119017 3
6068.512005 3
6066.905154 3
6065.298464 3
6063.691934 3
6062.085565 3
6060.479356 3
6058.873308 3
6057.267421 3
6055.661694 3
6054.056128 3
6052.450722 3
6050.845477 3
6049.240393 0
6047.635469 3
6046.030705 3
6049.240393 0
6052.450722 1
6054.056128 1
6055.661694 0
6058.873308 0
6029.991893 1
6031.595053 1
6033.198373 1
6034.801853 1
6036.405493 1
6038.009294 1
6039.613256 1
6041.217377 1
6042.821659 0
6046.030705 0
6047.635469 1
6049.240393 0
6046.030705 1
6047.635469 1
6049.240393 1
6050.845477 1
6052.450722 1
6054.056128 1
6055.661694 0
6054.056128 3
6052.450722 3
6049.240393 0
6047.635469 3
6046.030705 3
6010.766479 1
6012.367716 1
6013.969113 1
6015.570670 1
6017.172387 1
6018.774265 1
6020.376302 1
6021.978500 1
6023.580858 0
6026.786055 0
6025.183377 3
6023.580858 3
6013.969113 1
6015.570670 1
6017.172387 0
6015.570670 3
6013.969113 3
5997.962348 0
